0.4952,0
0.506,1
0.5072,2
0.494,3
0.4964,4
0.5024,5
0.5248,6
0.4916,7
0.4944,8
0.4848,9
0.4996,10
0.4892,11
0.4812,12
0.4796,13
0.4672,14
0.4716,15
0.466,16
0.4672,17
0.4648,18
0.4716,19
0.47,20
0.4792,21
0.4872,22
0.4852,23
0.4892,24
0.4856,25
0.494,26
0.5012,27
0.488,28
0.4972,29
0.4824,30
0.4872,31
0.4864,32
0.4932,33
0.4816,34
0.4864,35
0.4928,36
0.4892,37
0.4692,38
0.47,39
0.4672,40
0.4768,41
0.4844,42
0.4764,43
0.4624,44
0.454,45
0.458,46
0.4764,47
0.4644,48
0.4568,49
0.4688,50
0.4804,51
0.4888,52
0.486,53
0.4964,54
0.5004,55
0.4976,56
0.4968,57
0.4968,58
0.5024,59
0.5032,60
0.5092,61
0.5036,62
0.4948,63
0.4972,64
0.5064,65
0.496,66
0.5012,67
0.49,68
0.4812,69
0.4784,70
0.4764,71
0.4792,72
0.4792,73
0.4648,74
0.464,75
0.4748,76
0.4896,77
0.4772,78
0.4528,79
0.4568,80
0.4492,81
0.4492,82
0.438,83
0.4576,84
0.4636,85
0.4644,86
0.4564,87
0.4588,88
0.4652,89
0.4624,90
0.466,91
0.462,92
0.448,93
0.4508,94
0.4708,95
0.478,96
0.4792,97
0.4832,98
0.4884,99
0.48,100
0.4736,101
0.4836,102
0.4916,103
0.4848,104
0.4916,105
0.4788,106
0.472,107
0.4812,108
0.4672,109
0.4688,110
0.47,111
0.4748,112
0.4748,113
0.4772,114
0.4736,115
0.4632,116
0.4812,117
0.4808,118
0.4736,119
0.466,120
0.4792,121
0.4776,122
0.4636,123
0.4664,124
0.4756,125
0.478,126
0.4812,127
0.5028,128
0.4976,129
0.4916,130
0.4924,131
0.502,132
0.4964,133
0.494,134
0.4956,135
0.4932,136
0.494,137
0.5036,138
0.4948,139
0.49,140
0.5008,141
0.5048,142
0.508,143
0.4936,144
0.4872,145
0.4696,146
0.4844,147
0.4644,148
0.468,149
0.4628,150
0.4728,151
0.4804,152
0.4788,153
0.4776,154
0.478,155
0.4744,156
0.4796,157
0.4832,158
0.4776,159
0.4768,160
0.4716,161
0.4716,162
0.4592,163
0.4744,164
0.4888,165
0.4748,166
0.4668,167
0.4628,168
0.462,169
0.4624,170
0.4556,171
0.4624,172
0.448,173
0.4596,174
0.4584,175
0.4644,176
0.492,177
0.4844,178
0.4864,179
0.49,180
0.4948,181
0.4844,182
0.492,183
0.4852,184
0.4876,185
0.4976,186
0.5148,187
0.5056,188
0.5088,189
0.502,190
0.4892,191
0.504,192
0.4988,193
0.5036,194
0.506,195
0.508,196
0.4912,197
0.4848,198
0.4848,199
0.4848,200
0.4856,201
0.4832,202
0.4796,203
0.4852,204
0.4948,205
0.4772,206
0.46,207
0.4604,208
0.4636,209
0.4704,210
0.4564,211
0.462,212
0.4564,213
0.45,214
0.4632,215
0.4756,216
0.4728,217
0.4888,218
0.474,219
0.4668,220
0.4584,221
0.458,222
0.4552,223
0.4624,224
0.468,225
0.462,226
0.456,227
0.458,228
0.4592,229
0.4724,230
0.4676,231
0.4696,232
0.4704,233
0.4708,234
0.468,235
0.4608,236
0.4656,237
0.4708,238
0.4612,239
0.4552,240
0.4712,241
0.4644,242
0.4604,243
0.4688,244
0.4464,245
0.446,246
0.4488,247
0.4324,248
0.448,249
0.4688,250
0.4748,251
0.4644,252
0.47,253
0.4528,254
0.4596,255
0.4648,256
0.4724,257
0.482,258
0.4664,259
0.458,260
0.468,261
0.4784,262
0.4768,263
0.4868,264
0.5008,265
0.4816,266
0.4836,267
0.4816,268
0.4876,269
0.4864,270
0.494,271
0.4728,272
0.4712,273
0.4768,274
0.4768,275
0.4804,276
0.4816,277
0.4828,278
0.4836,279
0.4872,280
0.4868,281
0.4788,282
0.48,283
0.48,284
0.4776,285
0.4812,286
0.4872,287
0.4844,288
0.484,289
0.4688,290
0.4728,291
0.4884,292
0.4816,293
0.4892,294
0.4888,295
0.4896,296
0.48,297
0.4896,298
0.484,299
0.4836,300
0.4852,301
0.4936,302
0.4872,303
0.4792,304
0.4764,305
0.4744,306
0.4656,307
0.4672,308
0.4824,309
0.482,310
0.4812,311
0.4768,312
0.4912,313
0.4888,314
0.4872,315
0.48,316
0.4736,317
0.4808,318
0.4828,319
0.4964,320
0.5064,321
0.498,322
0.484,323
0.5012,324
0.4916,325
0.4828,326
0.4988,327
0.4856,328
0.4908,329
0.4812,330
0.4688,331
0.4456,332
0.442,333
0.4436,334
0.4368,335
0.4316,336
0.4472,337
0.456,338
0.4648,339
0.4584,340
0.468,341
0.4792,342
0.4716,343
0.4676,344
0.4712,345
0.4776,346
0.4908,347
0.4856,348
0.4828,349
0.4812,350
0.4836,351
0.494,352
0.48,353
0.4676,354
0.4708,355
0.4556,356
0.4764,357
0.464,358
0.4604,359
0.4712,360
0.4788,361
0.486,362
0.4784,363
0.4724,364
0.4756,365
0.4908,366
0.4872,367
0.4816,368
0.49,369
0.492,370
0.4876,371
0.49,372
0.4784,373
0.4748,374
0.4808,375
0.478,376
0.4764,377
0.4772,378
0.4716,379
0.4804,380
0.5032,381
0.5064,382
0.5016,383
0.5,384
0.5092,385
0.5112,386
0.4968,387
0.4844,388
0.4752,389
0.4592,390
0.4732,391
0.482,392
0.472,393
0.4736,394
0.4756,395
0.4772,396
0.4836,397
0.4888,398
0.482,399
0.484,400
0.4792,401
0.486,402
0.476,403
0.4916,404
0.4712,405
0.4644,406
0.4832,407
0.4852,408
0.4892,409
0.4928,410
0.51,411
0.49,412
0.496,413
0.4964,414
0.4964,415
0.4924,416
0.4944,417
0.4972,418
0.4996,419
0.4916,420
0.4896,421
0.4932,422
0.494,423
0.5032,424
0.494,425
0.4772,426
0.4852,427
0.4904,428
0.4888,429
0.484,430
0.4892,431
0.498,432
0.486,433
0.4824,434
0.4684,435
0.4708,436
0.4516,437
0.466,438
0.4624,439
0.4748,440
0.4636,441
0.4796,442
0.4804,443
0.4764,444
0.4884,445
0.4596,446
0.4588,447
0.456,448
0.4544,449
0.4604,450
0.464,451
0.4668,452
0.4688,453
0.4624,454
0.4672,455
0.4748,456
0.472,457
0.4852,458
0.4844,459
0.4832,460
0.4804,461
0.4744,462
0.4752,463
0.4696,464
0.4688,465
0.4496,466
0.4544,467
0.4632,468
0.4676,469
0.4628,470
0.4672,471
0.4604,472
0.47,473
0.4836,474
0.4916,475
0.4768,476
0.4868,477
0.4892,478
0.4848,479
0.5104,480
0.5024,481
0.4776,482
0.4952,483
0.4836,484
0.4832,485
0.4752,486
0.4612,487
0.4736,488
0.4756,489
0.4772,490
0.4692,491
0.4784,492
0.4824,493
0.4996,494
0.4988,495
0.5008,496
0.506,497
0.5048,498
0.5104,499
0.5,500
0.4956,501
0.494,502
0.4988,503
0.4984,504
0.4956,505
0.4952,506
0.4956,507
0.4928,508
0.4808,509
0.4812,510
0.4952,511
0.51,512
0.5072,513
0.5,514
0.4876,515
0.5064,516
0.5112,517
0.498,518
0.4876,519
0.4864,520
0.4776,521
0.4924,522
0.4952,523
0.5028,524
0.4888,525
0.4988,526
0.4924,527
0.496,528
0.4992,529
0.5012,530
0.484,531
0.492,532
0.4896,533
0.4884,534
0.4956,535
0.4956,536
0.488,537
0.4828,538
0.4916,539
0.4984,540
0.4972,541
0.494,542
0.4872,543
0.4676,544
0.4728,545
0.4844,546
0.48,547
0.4668,548
0.4752,549
0.4568,550
0.4604,551
0.4664,552
0.4548,553
0.4528,554
0.4452,555
0.4516,556
0.4536,557
0.458,558
0.4552,559
0.4476,560
0.4404,561
0.46,562
0.4712,563
0.484,564
0.4928,565
0.4956,566
0.4876,567
0.4808,568
0.4708,569
0.4704,570
0.4608,571
0.4568,572
0.4576,573
0.4588,574
0.4524,575
0.4788,576
0.488,577
0.4736,578
0.466,579
0.4776,580
0.4852,581
0.462,582
0.4696,583
0.4796,584
0.476,585
0.4716,586
0.4692,587
0.4604,588
0.4632,589
0.4724,590
0.4652,591
0.4616,592
0.4676,593
0.4532,594
0.4496,595
0.4564,596
0.452,597
0.452,598
0.4612,599
0.4656,600
0.4736,601
0.4852,602
0.49,603
0.4856,604
0.4868,605
0.4852,606
0.4816,607
0.4832,608
0.4864,609
0.4848,610
0.4828,611
0.4868,612
0.5032,613
0.488,614
0.4912,615
0.4948,616
0.4928,617
0.4772,618
0.4892,619
0.4684,620
0.4808,621
0.4964,622
0.4968,623
0.5064,624
0.5084,625
0.4876,626
0.488,627
0.4808,628
0.4772,629
0.4688,630
0.478,631
0.4668,632
0.4864,633
0.4828,634
0.488,635
0.4864,636
0.4736,637
0.4832,638
0.476,639
0.4504,640
0.4568,641
0.4552,642
0.4428,643
0.4496,644
0.4464,645
0.434,646
0.4484,647
0.4412,648
0.4412,649
0.4764,650
0.4736,651
0.4744,652
0.4596,653
0.4608,654
0.452,655
0.4808,656
0.466,657
0.484,658
0.4968,659
0.4804,660
0.488,661
0.5052,662
0.5004,663
0.5156,664
0.496,665
0.4848,666
0.4652,667
0.4664,668
0.476,669
0.4876,670
0.4836,671
0.5,672
0.4892,673
0.5088,674
0.5052,675
0.4936,676
0.492,677
0.4968,678
0.4892,679
0.4912,680
0.4848,681
0.4912,682
0.49,683
0.4912,684
0.5032,685
0.4956,686
0.4808,687
0.4788,688
0.4756,689
0.4864,690
0.4856,691
0.4748,692
0.4748,693
0.4872,694
0.4592,695
0.46,696
0.4808,697
0.4756,698
0.4704,699
0.4768,700
0.4848,701
0.4864,702
0.4964,703
0.4884,704
0.4976,705
0.4848,706
0.474,707
0.4752,708
0.4704,709
0.4788,710
0.468,711
0.4644,712
0.4624,713
0.4532,714
0.4632,715
0.4612,716
0.466,717
0.4632,718
0.4592,719
0.4592,720
0.4684,721
0.4836,722
0.476,723
0.4736,724
0.4704,725
0.4612,726
0.46,727
0.4608,728
0.4632,729
0.466,730
0.4632,731
0.4696,732
0.4692,733
0.4776,734
0.478,735
0.4736,736
0.4648,737
0.4784,738
0.4676,739
0.458,740
0.4412,741
0.4604,742
0.4728,743
0.4824,744
0.4844,745
0.476,746
0.4812,747
0.4652,748
0.4792,749
0.4752,750
0.4648,751
0.4588,752
0.4572,753
0.4596,754
0.4652,755
0.4624,756
0.464,757
0.4652,758
0.4664,759
0.4624,760
0.4732,761
0.4656,762
0.4736,763
0.4812,764
0.4752,765
0.4752,766
0.478,767
0.462,768
0.4804,769
0.4844,770
0.492,771
0.4968,772
0.4916,773
0.4936,774
0.4964,775
0.4884,776
0.4816,777
0.4716,778
0.4836,779
0.4784,780
0.4876,781
0.478,782
0.4788,783
0.474,784
0.4872,785
0.4816,786
0.49,787
0.4768,788
0.474,789
0.4916,790
0.498,791
0.486,792
0.4972,793
0.4808,794
0.4844,795
0.4748,796
0.4824,797
0.472,798
0.4748,799
0.4768,800
0.4824,801
0.5024,802
0.5156,803
0.5088,804
0.4964,805
0.5,806
0.4932,807
0.4868,808
0.4912,809
0.4892,810
0.4976,811
0.4848,812
0.4928,813
0.4968,814
0.512,815
0.492,816
0.4832,817
0.4764,818
0.4692,819
0.4756,820
0.4796,821
0.47,822
0.442,823
0.446,824
0.4336,825
0.4488,826
0.4632,827
0.4572,828
0.4544,829
0.4472,830
0.4428,831
0.448,832
0.4544,833
0.466,834
0.4672,835
0.4884,836
0.4892,837
0.4916,838
0.4768,839
0.4936,840
0.4996,841
0.4932,842
0.4852,843
0.4888,844
0.49,845
0.4968,846
0.4904,847
0.4884,848
0.4736,849
0.4844,850
0.4668,851
0.4664,852
0.4856,853
0.4728,854
0.4804,855
0.4852,856
0.4856,857
0.4844,858
0.4948,859
0.4968,860
0.4856,861
0.4864,862
0.4892,863
0.4884,864
0.5068,865
0.5128,866
0.5148,867
0.5032,868
0.4996,869
0.512,870
0.5128,871
0.4908,872
0.492,873
0.4924,874
0.4836,875
0.4796,876
0.4836,877
0.494,878
0.5008,879
0.5044,880
0.494,881
0.4988,882
0.4912,883
0.4912,884
0.4964,885
0.5104,886
0.5088,887
0.4968,888
0.5044,889
0.5004,890
0.5004,891
0.4932,892
0.4928,893
0.4936,894
0.4984,895
0.498,896
0.4964,897
0.498,898
0.4988,899
0.4732,900
0.4704,901
0.4744,902
0.4732,903
0.4632,904
0.4852,905
0.4912,906
0.488,907
0.4956,908
0.484,909
0.4828,910
0.4912,911
0.486,912
0.4912,913
0.484,914
0.4856,915
0.48,916
0.4772,917
0.4932,918
0.4884,919
0.4892,920
0.496,921
0.4924,922
0.4968,923
0.5028,924
0.5004,925
0.4952,926
0.4912,927
0.4968,928
0.4944,929
0.4948,930
0.4936,931
0.4792,932
0.4676,933
0.4736,934
0.458,935
0.4636,936
0.4668,937
0.4564,938
0.4556,939
0.4716,940
0.4724,941
0.482,942
0.4832,943
0.4872,944
0.4804,945
0.4756,946
0.4776,947
0.4752,948
0.4784,949
0.4792,950
0.4644,951
0.4748,952
0.4784,953
0.4848,954
0.4784,955
0.4752,956
0.4652,957
0.4584,958
0.4624,959
0.4672,960
0.476,961
0.4852,962
0.4956,963
0.4824,964
0.4584,965
0.4628,966
0.4556,967
0.4788,968
0.4768,969
0.4928,970
0.4912,971
0.482,972
0.4936,973
0.5028,974
0.4956,975
0.4808,976
0.4964,977
0.5076,978
0.486,979
0.474,980
0.4764,981
0.4648,982
0.4632,983
0.4776,984
0.4808,985
0.4792,986
0.4528,987
0.4548,988
0.4536,989
0.448,990
0.446,991
0.4676,992
0.464,993
0.468,994
0.4556,995
0.4492,996
0.4496,997
0.446,998
0.4432,999
0.4504,1000
0.4436,1001
0.4452,1002
0.4604,1003
0.464,1004
0.4572,1005
0.4696,1006
0.4668,1007
0.472,1008
0.4764,1009
0.4684,1010
0.4748,1011
0.4764,1012
0.5068,1013
0.4908,1014
0.4828,1015
0.4756,1016
0.4744,1017
0.478,1018
0.4992,1019
0.4916,1020
0.4856,1021
0.4792,1022
0.492,1023
0.49,1024
0.4876,1025
0.4844,1026
0.474,1027
0.4652,1028
0.474,1029
0.49,1030
0.4848,1031
0.4792,1032
0.4964,1033
0.4892,1034
0.4912,1035
0.5068,1036
0.4992,1037
0.5008,1038
0.494,1039
0.4768,1040
0.484,1041
0.4832,1042
0.4748,1043
0.4756,1044
0.4768,1045
0.4736,1046
0.476,1047
0.4708,1048
0.474,1049
0.4644,1050
0.4696,1051
0.466,1052
0.4524,1053
0.44,1054
0.444,1055
0.4572,1056
0.4532,1057
0.4564,1058
0.4584,1059
0.4612,1060
0.4504,1061
0.454,1062
0.4556,1063
0.44,1064
0.4476,1065
0.4592,1066
0.4564,1067
0.4748,1068
0.4736,1069
0.4812,1070
0.4824,1071
0.476,1072
0.4776,1073
0.4708,1074
0.4544,1075
0.4596,1076
0.4524,1077
0.4552,1078
0.4504,1079
0.4568,1080
0.4532,1081
0.466,1082
0.4856,1083
0.4884,1084
0.49,1085
0.4748,1086
0.4716,1087
0.4896,1088
0.48,1089
0.4724,1090
0.4704,1091
0.4748,1092
0.4704,1093
0.4816,1094
0.484,1095
0.4772,1096
0.4668,1097
0.4612,1098
0.464,1099
0.4696,1100
0.4756,1101
0.4788,1102
0.49,1103
0.4872,1104
0.4972,1105
0.4856,1106
0.4704,1107
0.4716,1108
0.4836,1109
0.4836,1110
0.4868,1111
0.4864,1112
0.4868,1113
0.4776,1114
0.4788,1115
0.4796,1116
0.4892,1117
0.4988,1118
0.4912,1119
0.494,1120
0.49,1121
0.502,1122
0.4968,1123
0.4936,1124
0.4884,1125
0.47,1126
0.4608,1127
0.47,1128
0.4752,1129
0.4796,1130
0.48,1131
0.4912,1132
0.4792,1133
0.5072,1134
0.4988,1135
0.486,1136
0.4892,1137
0.5008,1138
0.5012,1139
0.5112,1140
0.5168,1141
0.5184,1142
0.518,1143
0.5128,1144
0.5152,1145
0.498,1146
0.4992,1147
0.5048,1148
0.4952,1149
0.4876,1150
0.4884,1151
0.484,1152
0.4772,1153
0.4728,1154
0.4632,1155
0.4648,1156
0.4568,1157
0.4836,1158
0.4904,1159
0.488,1160
0.4876,1161
0.4976,1162
0.4892,1163
0.5016,1164
0.502,1165
0.522,1166
0.5072,1167
0.5048,1168
0.4968,1169
0.4884,1170
0.5132,1171
0.4768,1172
0.4928,1173
0.4844,1174
0.4976,1175
0.4768,1176
0.4828,1177
0.4904,1178
0.478,1179
0.4836,1180
0.4712,1181
0.488,1182
0.4988,1183
0.4992,1184
0.4856,1185
0.4952,1186
0.4944,1187
0.498,1188
0.492,1189
0.488,1190
0.4848,1191
0.4824,1192
0.4792,1193
0.4828,1194
0.4952,1195
0.494,1196
0.4908,1197
0.5008,1198
0.4896,1199
0.5128,1200
0.5088,1201
0.5056,1202
0.498,1203
0.4916,1204
0.4948,1205
0.4992,1206
0.4876,1207
0.4824,1208
0.4756,1209
0.4692,1210
0.4772,1211
0.4908,1212
0.4864,1213
0.4648,1214
0.4488,1215
0.4696,1216
0.472,1217
0.4604,1218
0.4688,1219
0.464,1220
0.4776,1221
0.4812,1222
0.4732,1223
0.4824,1224
0.484,1225
0.4948,1226
0.4864,1227
0.4976,1228
0.5144,1229
0.502,1230
0.5088,1231
0.5068,1232
0.5056,1233
0.4944,1234
0.5008,1235
0.4952,1236
0.4896,1237
0.4664,1238
0.4724,1239
0.4744,1240
0.4748,1241
0.486,1242
0.482,1243
0.48,1244
0.4716,1245
0.4816,1246
0.4756,1247
0.4808,1248
0.4792,1249
0.4796,1250
0.478,1251
0.4832,1252
0.4788,1253
0.472,1254
0.478,1255
0.4712,1256
0.4496,1257
0.4736,1258
0.476,1259
0.4744,1260
0.4764,1261
0.4928,1262
0.488,1263
0.47,1264
0.4636,1265
0.4652,1266
0.4584,1267
0.4672,1268
0.478,1269
0.4848,1270
0.492,1271
0.4796,1272
0.4616,1273
0.4668,1274
0.4656,1275
0.4668,1276
0.4524,1277
0.448,1278
0.4588,1279
0.47,1280
0.464,1281
0.4644,1282
0.4636,1283
0.4588,1284
0.4748,1285
0.4692,1286
0.474,1287
0.4676,1288
0.47,1289
0.4744,1290
0.4748,1291
0.4868,1292
0.4824,1293
0.4848,1294
0.4828,1295
0.4696,1296
0.4724,1297
0.4724,1298
0.448,1299
0.452,1300
0.462,1301
0.4712,1302
0.4792,1303
0.4752,1304
0.4608,1305
0.4536,1306
0.4604,1307
0.4784,1308
0.4692,1309
0.46,1310
0.4608,1311
0.4648,1312
0.466,1313
0.4648,1314
0.4728,1315
0.4608,1316
0.4544,1317
0.4684,1318
0.4588,1319
0.4488,1320
0.4544,1321
0.462,1322
0.452,1323
0.4612,1324
0.4644,1325
0.4676,1326
0.4508,1327
0.4588,1328
0.4516,1329
0.4548,1330
0.4484,1331
0.4444,1332
0.4464,1333
0.4412,1334
0.4584,1335
0.4712,1336
0.4724,1337
0.484,1338
0.4832,1339
0.4752,1340
0.4728,1341
0.4688,1342
0.4592,1343
0.4808,1344
0.4836,1345
0.4928,1346
0.472,1347
0.464,1348
0.452,1349
0.4688,1350
0.4668,1351
0.4792,1352
0.4716,1353
0.474,1354
0.4684,1355
0.4728,1356
0.4876,1357
0.4788,1358
0.4772,1359
0.4712,1360
0.4552,1361
0.4516,1362
0.4664,1363
0.4688,1364
0.4876,1365
0.472,1366
0.4676,1367
0.4816,1368
0.4848,1369
0.4912,1370
0.4692,1371
0.4684,1372
0.4552,1373
0.4612,1374
0.456,1375
0.4696,1376
0.47,1377
0.4756,1378
0.4648,1379
0.4436,1380
0.4536,1381
0.4592,1382
0.4644,1383
0.4672,1384
0.466,1385
0.454,1386
0.4632,1387
0.4836,1388
0.4548,1389
0.4652,1390
0.4788,1391
0.468,1392
0.4548,1393
0.4548,1394
0.4684,1395
0.458,1396
0.4468,1397
0.47,1398
0.4772,1399
0.478,1400
0.4704,1401
0.4528,1402
0.4696,1403
0.4752,1404
0.4652,1405
0.4788,1406
0.4692,1407
0.4732,1408
0.4768,1409
0.48,1410
0.4664,1411
0.474,1412
0.4764,1413
0.4784,1414
0.4796,1415
0.4908,1416
0.498,1417
0.4852,1418
0.4724,1419
0.4832,1420
0.4908,1421
0.498,1422
0.5092,1423
0.514,1424
0.5088,1425
0.5036,1426
0.4908,1427
0.486,1428
0.4872,1429
0.5092,1430
0.5044,1431
0.5064,1432
0.4956,1433
0.4932,1434
0.488,1435
0.4984,1436
0.4808,1437
0.4852,1438
0.5172,1439
0.5096,1440
0.5012,1441
0.4976,1442
0.4936,1443
0.4956,1444
0.4964,1445
0.4872,1446
0.4848,1447
0.4816,1448
0.4772,1449
0.4716,1450
0.4652,1451
0.4596,1452
0.48,1453
0.476,1454
0.4724,1455
0.4716,1456
0.4732,1457
0.4712,1458
0.4728,1459
0.4624,1460
0.4812,1461
0.4768,1462
0.4724,1463
0.4684,1464
0.4724,1465
0.4948,1466
0.4768,1467
0.4568,1468
0.4596,1469
0.4548,1470
0.466,1471
0.4564,1472
0.4592,1473
0.4628,1474
0.4572,1475
0.458,1476
0.4528,1477
0.4536,1478
0.4628,1479
0.4596,1480
0.4824,1481
0.4964,1482
0.4944,1483
0.4852,1484
0.4812,1485
0.4692,1486
0.4736,1487
0.4628,1488
0.4628,1489
0.4724,1490
0.4696,1491
0.4788,1492
0.4752,1493
0.4608,1494
0.4692,1495
0.4688,1496
0.4808,1497
0.4608,1498
0.4848,1499
0.4816,1500
0.47,1501
0.448,1502
0.4428,1503
0.4516,1504
0.452,1505
0.464,1506
0.472,1507
0.4696,1508
0.4768,1509
0.4732,1510
0.4808,1511
0.4996,1512
0.5004,1513
0.5,1514
0.4908,1515
0.4844,1516
0.4776,1517
0.4816,1518
0.4844,1519
0.4788,1520
0.4816,1521
0.4952,1522
0.484,1523
0.4816,1524
0.466,1525
0.4768,1526
0.4836,1527
0.4664,1528
0.458,1529
0.4584,1530
0.4544,1531
0.45,1532
0.4576,1533
0.4604,1534
0.4624,1535
0.4648,1536
0.4648,1537
0.4708,1538
0.4604,1539
0.46,1540
0.462,1541
0.4748,1542
0.472,1543
0.4684,1544
0.4796,1545
0.4884,1546
0.5072,1547
0.5032,1548
0.4996,1549
0.4924,1550
0.5008,1551
0.484,1552
0.4876,1553
0.4836,1554
0.4884,1555
0.4832,1556
0.466,1557
0.4632,1558
0.4816,1559
0.4616,1560
0.454,1561
0.4648,1562
0.4576,1563
0.4552,1564
0.4584,1565
0.476,1566
0.4748,1567
0.4624,1568
0.4672,1569
0.4484,1570
0.4692,1571
0.4676,1572
0.4632,1573
0.4724,1574
0.4604,1575
0.4636,1576
0.4612,1577
0.4616,1578
0.4608,1579
0.4556,1580
0.4484,1581
0.4448,1582
0.4468,1583
0.4568,1584
0.48,1585
0.4768,1586
0.476,1587
0.474,1588
0.4848,1589
0.4904,1590
0.4816,1591
0.482,1592
0.4848,1593
0.4808,1594
0.4948,1595
0.4892,1596
0.4896,1597
0.486,1598
0.4944,1599
0.4844,1600
0.4784,1601
0.474,1602
0.4724,1603
0.4684,1604
0.4656,1605
0.4592,1606
0.4632,1607
0.4628,1608
0.4468,1609
0.448,1610
0.4416,1611
0.4684,1612
0.4708,1613
0.4596,1614
0.4592,1615
0.4576,1616
0.4684,1617
0.4776,1618
0.5004,1619
0.4992,1620
0.4864,1621
0.4696,1622
0.474,1623
0.4796,1624
0.506,1625
0.4924,1626
0.5044,1627
0.5104,1628
0.5076,1629
0.5196,1630
0.512,1631
0.51,1632
0.5044,1633
0.4944,1634
0.4968,1635
0.4956,1636
0.4968,1637
0.4824,1638
0.4824,1639
0.4976,1640
0.4944,1641
0.4972,1642
0.49,1643
0.4832,1644
0.4796,1645
0.4752,1646
0.4708,1647
0.4744,1648
0.4924,1649
0.4816,1650
0.4916,1651
0.4948,1652
0.4896,1653
0.4792,1654
0.4892,1655
0.4892,1656
0.4904,1657
0.4888,1658
0.486,1659
0.4804,1660
0.4644,1661
0.47,1662
0.4876,1663
0.4924,1664
0.5072,1665
0.5024,1666
0.4768,1667
0.4868,1668
0.4836,1669
0.4848,1670
0.4768,1671
0.4796,1672
0.4648,1673
0.4728,1674
0.474,1675
0.4892,1676
0.4788,1677
0.4768,1678
0.4604,1679
0.4772,1680
0.4784,1681
0.4744,1682
0.4808,1683
0.4972,1684
0.4968,1685
0.484,1686
0.4952,1687
0.4992,1688
0.498,1689
0.5056,1690
0.5036,1691
0.5092,1692
0.4956,1693
0.494,1694
0.4888,1695
0.506,1696
0.502,1697
0.5068,1698
0.5216,1699
0.4972,1700
0.4912,1701
0.504,1702
0.5028,1703
0.4904,1704
0.4956,1705
0.4988,1706
0.5228,1707
0.5248,1708
0.5092,1709
0.504,1710
0.4912,1711
0.4732,1712
0.4972,1713
0.5,1714
0.4912,1715
0.4968,1716
0.4876,1717
0.4832,1718
0.496,1719
0.4948,1720
0.492,1721
0.4908,1722
0.5032,1723
0.5,1724
0.4972,1725
0.508,1726
0.492,1727
0.4948,1728
0.5028,1729
0.5112,1730
0.4924,1731
0.5,1732
0.4936,1733
0.4952,1734
0.4972,1735
0.4796,1736
0.4736,1737
0.4904,1738
0.482,1739
0.4652,1740
0.462,1741
0.4656,1742
0.4712,1743
0.4616,1744
0.4688,1745
0.4684,1746
0.4776,1747
0.4724,1748
0.4664,1749
0.47,1750
0.4804,1751
0.4888,1752
0.4784,1753
0.4864,1754
0.4832,1755
0.4856,1756
0.494,1757
0.5104,1758
0.4896,1759
0.4768,1760
0.474,1761
0.488,1762
0.484,1763
0.4784,1764
0.4864,1765
0.4756,1766
0.488,1767
0.4824,1768
0.4908,1769
0.4984,1770
0.496,1771
0.4944,1772
0.4796,1773
0.4756,1774
0.4672,1775
0.456,1776
0.4552,1777
0.4468,1778
0.43,1779
0.4352,1780
0.4396,1781
0.4524,1782
0.454,1783
0.4536,1784
0.4596,1785
0.4696,1786
0.4672,1787
0.4604,1788
0.4696,1789
0.4716,1790
0.4612,1791
0.4624,1792
0.4728,1793
0.4792,1794
0.4788,1795
0.4932,1796
0.4968,1797
0.482,1798
0.4852,1799
0.4976,1800
0.4992,1801
0.4916,1802
0.4764,1803
0.4808,1804
0.4768,1805
0.4756,1806
0.4848,1807
0.476,1808
0.484,1809
0.4844,1810
0.4808,1811
0.4672,1812
0.4764,1813
0.4824,1814
0.4904,1815
0.4992,1816
0.5076,1817
0.5036,1818
0.4996,1819
0.4904,1820
0.486,1821
0.482,1822
0.484,1823
0.4804,1824
0.4828,1825
0.4892,1826
0.4968,1827
0.4976,1828
0.4908,1829
0.4816,1830
0.4952,1831
0.4892,1832
0.4972,1833
0.5072,1834
0.5072,1835
0.4944,1836
0.4848,1837
0.4908,1838
0.48,1839
0.4548,1840
0.4648,1841
0.4556,1842
0.4612,1843
0.462,1844
0.4808,1845
0.474,1846
0.4852,1847
0.4844,1848
0.4708,1849
0.4592,1850
0.4564,1851
0.4584,1852
0.4648,1853
0.4556,1854
0.4656,1855
0.464,1856
0.4516,1857
0.4652,1858
0.4816,1859
0.4776,1860
0.4704,1861
0.4808,1862
0.5044,1863
0.5016,1864
0.49,1865
0.4672,1866
0.4696,1867
0.4588,1868
0.4736,1869
0.4808,1870
0.4888,1871
0.4796,1872
0.4916,1873
0.5004,1874
0.4864,1875
0.4948,1876
0.4992,1877
0.488,1878
0.4816,1879
0.4724,1880
0.472,1881
0.464,1882
0.4668,1883
0.4684,1884
0.4724,1885
0.46,1886
0.456,1887
0.4552,1888
0.4648,1889
0.4692,1890
0.4664,1891
0.4688,1892
0.4752,1893
0.4884,1894
0.4892,1895
0.4932,1896
0.48,1897
0.4952,1898
0.4864,1899
0.476,1900
0.4892,1901
0.4796,1902
0.4784,1903
0.4792,1904
0.4904,1905
0.4848,1906
0.4808,1907
0.4768,1908
0.4676,1909
0.48,1910
0.488,1911
0.486,1912
0.4976,1913
0.5036,1914
0.4936,1915
0.4808,1916
0.458,1917
0.4544,1918
0.4556,1919
0.4744,1920
0.4648,1921
0.4684,1922
0.4764,1923
0.4872,1924
0.478,1925
0.4844,1926
0.4952,1927
0.512,1928
0.4928,1929
0.5044,1930
0.4928,1931
0.4912,1932
0.484,1933
0.494,1934
0.5088,1935
0.5112,1936
0.502,1937
0.5136,1938
0.5188,1939
0.5008,1940
0.5088,1941
0.4928,1942
0.4924,1943
0.4996,1944
0.4952,1945
0.4736,1946
0.4852,1947
0.4744,1948
0.484,1949
0.4884,1950
0.5008,1951
0.4984,1952
0.4996,1953
0.486,1954
0.4672,1955
0.48,1956
0.4644,1957
0.4704,1958
0.488,1959
0.4896,1960
0.4948,1961
0.474,1962
0.4716,1963
0.4796,1964
0.4804,1965
0.4712,1966
0.4564,1967
0.4608,1968
0.4508,1969
0.4476,1970
0.4756,1971
0.4756,1972
0.474,1973
0.46,1974
0.4668,1975
0.466,1976
0.4664,1977
0.4636,1978
0.4484,1979
0.458,1980
0.466,1981
0.4704,1982
0.4596,1983
0.464,1984
0.4672,1985
0.4588,1986
0.4564,1987
0.4528,1988
0.4468,1989
0.452,1990
0.4464,1991
0.4596,1992
0.462,1993
0.4484,1994
0.4504,1995
0.438,1996
0.4452,1997
0.4628,1998
0.4684,1999
0.4728,2000
0.4912,2001
0.5,2002
0.5076,2003
0.492,2004
0.4948,2005
0.4912,2006
0.4884,2007
0.478,2008
0.4884,2009
0.4772,2010
0.4796,2011
0.4752,2012
0.484,2013
0.4876,2014
0.4812,2015
0.5064,2016
0.4972,2017
0.4748,2018
0.4736,2019
0.4984,2020
0.5016,2021
0.4832,2022
0.4824,2023
0.49,2024
0.4724,2025
0.4848,2026
0.4944,2027
0.5076,2028
0.49,2029
0.4936,2030
0.4964,2031
0.4992,2032
0.4996,2033
0.504,2034
0.4884,2035
0.4884,2036
0.4712,2037
0.4876,2038
0.4784,2039
0.498,2040
0.498,2041
0.4856,2042
0.4924,2043
0.4884,2044
0.4972,2045
0.5008,2046
0.4908,2047
0.4892,2048
0.4828,2049
0.4884,2050
0.4912,2051
0.5064,2052
0.5088,2053
0.4968,2054
0.5008,2055
0.4812,2056
0.4816,2057
0.4684,2058
0.4688,2059
0.4804,2060
0.4616,2061
0.4536,2062
0.4624,2063
0.4592,2064
0.4604,2065
0.4732,2066
0.4808,2067
0.48,2068
0.4808,2069
0.4652,2070
0.468,2071
0.4808,2072
0.4756,2073
0.4776,2074
0.4796,2075
0.4708,2076
0.4656,2077
0.472,2078
0.4712,2079
0.468,2080
0.4572,2081
0.4548,2082
0.4572,2083
0.4768,2084
0.4848,2085
0.498,2086
0.5036,2087
0.4992,2088
0.4876,2089
0.4788,2090
0.4736,2091
0.4756,2092
0.4796,2093
0.4776,2094
0.492,2095
0.4884,2096
0.4836,2097
0.4944,2098
0.4952,2099
0.5108,2100
0.5136,2101
0.4928,2102
0.486,2103
0.498,2104
0.4932,2105
0.5084,2106
0.5152,2107
0.5044,2108
0.498,2109
0.5016,2110
0.5016,2111
0.4988,2112
0.4984,2113
0.4924,2114
0.494,2115
0.4964,2116
0.4836,2117
0.48,2118
0.4684,2119
0.478,2120
0.4672,2121
0.4672,2122
0.4616,2123
0.4564,2124
0.4552,2125
0.4544,2126
0.4632,2127
0.4596,2128
0.4544,2129
0.448,2130
0.466,2131
0.4592,2132
0.462,2133
0.4524,2134
0.464,2135
0.4608,2136
0.45,2137
0.4608,2138
0.4624,2139
0.4752,2140
0.48,2141
0.4724,2142
0.468,2143
0.466,2144
0.454,2145
0.4616,2146
0.4884,2147
0.4768,2148
0.4768,2149
0.4996,2150
0.4892,2151
0.4824,2152
0.4664,2153
0.4808,2154
0.4788,2155
0.4836,2156
0.4964,2157
0.506,2158
0.4916,2159
0.486,2160
0.4812,2161
0.4804,2162
0.4812,2163
0.4844,2164
0.4844,2165
0.486,2166
0.484,2167
0.484,2168
0.4804,2169
0.5068,2170
0.5112,2171
0.4968,2172
0.48,2173
0.4868,2174
0.4828,2175
0.4764,2176
0.486,2177
0.4668,2178
0.4704,2179
0.4732,2180
0.4716,2181
0.4676,2182
0.4688,2183
0.4804,2184
0.476,2185
0.4704,2186
0.4728,2187
0.47,2188
0.4824,2189
0.4888,2190
0.482,2191
0.48,2192
0.488,2193
0.4944,2194
0.4756,2195
0.4872,2196
0.476,2197
0.4636,2198
0.4596,2199
0.4816,2200
0.48,2201
0.4904,2202
0.49,2203
0.4832,2204
0.4776,2205
0.4792,2206
0.4792,2207
0.4732,2208
0.4884,2209
0.482,2210
0.4772,2211
0.476,2212
0.4756,2213
0.4784,2214
0.4764,2215
0.4888,2216
0.4976,2217
0.492,2218
0.5012,2219
0.502,2220
0.496,2221
0.4804,2222
0.4792,2223
0.4912,2224
0.4816,2225
0.4724,2226
0.466,2227
0.4696,2228
0.476,2229
0.4752,2230
0.4716,2231
0.466,2232
0.4772,2233
0.4752,2234
0.4692,2235
0.488,2236
0.4944,2237
0.4896,2238
0.502,2239
0.4964,2240
0.5032,2241
0.5016,2242
0.496,2243
0.5,2244
0.494,2245
0.4976,2246
0.4884,2247
0.4832,2248
0.4788,2249
0.4812,2250
0.494,2251
0.4908,2252
0.4808,2253
0.48,2254
0.4812,2255
0.486,2256
0.4852,2257
0.4816,2258
0.4952,2259
0.4888,2260
0.4876,2261
0.4892,2262
0.4804,2263
0.4868,2264
0.4772,2265
0.484,2266
0.494,2267
0.5012,2268
0.4788,2269
0.4836,2270
0.4888,2271
0.4652,2272
0.4656,2273
0.4796,2274
0.4856,2275
0.4952,2276
0.4932,2277
0.4948,2278
0.4848,2279
0.4732,2280
0.484,2281
0.478,2282
0.4752,2283
0.464,2284
0.466,2285
0.464,2286
0.4656,2287
0.4532,2288
0.4616,2289
0.4752,2290
0.4912,2291
0.4908,2292
0.4824,2293
0.4736,2294
0.476,2295
0.4812,2296
0.4804,2297
0.4816,2298
0.4872,2299
0.494,2300
0.4932,2301
0.4968,2302
0.506,2303
0.5036,2304
0.5132,2305
0.4932,2306
0.502,2307
0.5008,2308
0.4988,2309
0.4848,2310
0.4956,2311
0.4996,2312
0.4892,2313
0.486,2314
0.5032,2315
0.5152,2316
0.508,2317
0.4908,2318
0.4892,2319
0.4908,2320
0.4972,2321
0.5072,2322
0.496,2323
0.4968,2324
0.498,2325
0.4796,2326
0.4664,2327
0.4604,2328
0.4504,2329
0.4536,2330
0.4616,2331
0.4612,2332
0.4472,2333
0.4532,2334
0.442,2335
0.448,2336
0.4552,2337
0.4428,2338
0.4392,2339
0.444,2340
0.4384,2341
0.4644,2342
0.4604,2343
0.4696,2344
0.4676,2345
0.4728,2346
0.4636,2347
0.4624,2348
0.4736,2349
0.4876,2350
0.5104,2351
0.5068,2352
0.4968,2353
0.4944,2354
0.4932,2355
0.4776,2356
0.4688,2357
0.47,2358
0.4868,2359
0.502,2360
0.4884,2361
0.4896,2362
0.4828,2363
0.4856,2364
0.492,2365
0.5012,2366
0.5012,2367
0.4888,2368
0.4952,2369
0.4836,2370
0.478,2371
0.4748,2372
0.47,2373
0.4676,2374
0.47,2375
0.4768,2376
0.4932,2377
0.5076,2378
0.5124,2379
0.4956,2380
0.514,2381
0.512,2382
0.498,2383
0.496,2384
0.5024,2385
0.4796,2386
0.4672,2387
0.474,2388
0.472,2389
0.4656,2390
0.4644,2391
0.4708,2392
0.4852,2393
0.4816,2394
0.4884,2395
0.492,2396
0.4888,2397
0.4888,2398
0.4856,2399
0.4752,2400
0.4648,2401
0.4728,2402
0.4572,2403
0.4592,2404
0.454,2405
0.4708,2406
0.468,2407
0.4596,2408
0.4544,2409
0.468,2410
0.4756,2411
0.4816,2412
0.4764,2413
0.4772,2414
0.4684,2415
0.4932,2416
0.5036,2417
0.4988,2418
0.496,2419
0.5028,2420
0.4884,2421
0.5032,2422
0.4896,2423
0.4712,2424
0.4636,2425
0.4732,2426
0.4684,2427
0.4644,2428
0.472,2429
0.46,2430
0.4636,2431
0.4592,2432
0.4576,2433
0.4768,2434
0.486,2435
0.4924,2436
0.4832,2437
0.4856,2438
0.4792,2439
0.4844,2440
0.4968,2441
0.4984,2442
0.4952,2443
0.5076,2444
0.4852,2445
0.4852,2446
0.504,2447
0.4836,2448
0.4744,2449
0.4688,2450
0.478,2451
0.4804,2452
0.4964,2453
0.5076,2454
0.5124,2455
0.5072,2456
0.5116,2457
0.508,2458
0.5216,2459
0.4996,2460
0.494,2461
0.4992,2462
0.4996,2463
0.5112,2464
0.5104,2465
0.5196,2466
0.5216,2467
0.5292,2468
0.5064,2469
0.4864,2470
0.478,2471
0.4932,2472
0.4904,2473
0.494,2474
0.4988,2475
0.4972,2476
0.4888,2477
0.4864,2478
0.4684,2479
0.466,2480
0.466,2481
0.476,2482
0.4668,2483
0.466,2484
0.4484,2485
0.4288,2486
0.4376,2487
0.4296,2488
0.412,2489
0.418,2490
0.4124,2491
0.4104,2492
0.418,2493
0.4268,2494
0.4328,2495
0.4572,2496
0.4544,2497
0.4584,2498
0.4508,2499
0.4596,2500
0.4704,2501
0.4932,2502
0.484,2503
0.4888,2504
0.4876,2505
0.4764,2506
0.482,2507
0.4904,2508
0.4828,2509
0.484,2510
0.49,2511
0.4688,2512
0.4612,2513
0.4848,2514
0.4728,2515
0.4916,2516
0.4768,2517
0.4792,2518
0.4724,2519
0.4748,2520
0.4772,2521
0.482,2522
0.4828,2523
0.4936,2524
0.4932,2525
0.5048,2526
0.4908,2527
0.48,2528
0.496,2529
0.4732,2530
0.47,2531
0.468,2532
0.4692,2533
0.454,2534
0.4608,2535
0.4532,2536
0.4536,2537
0.4696,2538
0.4616,2539
0.4688,2540
0.4612,2541
0.4444,2542
0.4444,2543
0.446,2544
0.4612,2545
0.4692,2546
0.4668,2547
0.4792,2548
0.4708,2549
0.474,2550
0.4716,2551
0.4828,2552
0.4744,2553
0.4944,2554
0.4952,2555
0.4912,2556
0.5036,2557
0.488,2558
0.4836,2559
0.4784,2560
0.4852,2561
0.4816,2562
0.4736,2563
0.4728,2564
0.4532,2565
0.4612,2566
0.4636,2567
0.4636,2568
0.456,2569
0.464,2570
0.4676,2571
0.4544,2572
0.474,2573
0.466,2574
0.4596,2575
0.458,2576
0.4604,2577
0.4636,2578
0.4632,2579
0.4864,2580
0.4648,2581
0.4608,2582
0.4648,2583
0.4592,2584
0.4588,2585
0.4724,2586
0.4676,2587
0.462,2588
0.4604,2589
0.4456,2590
0.4672,2591
0.4584,2592
0.4552,2593
0.4488,2594
0.44,2595
0.448,2596
0.4484,2597
0.4252,2598
0.428,2599
0.4192,2600
0.4296,2601
0.4476,2602
0.4272,2603
0.442,2604
0.462,2605
0.4572,2606
0.462,2607
0.4608,2608
0.4592,2609
0.4664,2610
0.4808,2611
0.4852,2612
0.4804,2613
0.4544,2614
0.4656,2615
0.4612,2616
0.4516,2617
0.45,2618
0.4492,2619
0.454,2620
0.4644,2621
0.4528,2622
0.464,2623
0.4568,2624
0.4432,2625
0.4664,2626
0.4724,2627
0.4764,2628
0.4616,2629
0.4648,2630
0.47,2631
0.4896,2632
0.5004,2633
0.5004,2634
0.492,2635
0.492,2636
0.4808,2637
0.4888,2638
0.4748,2639
0.4812,2640
0.4796,2641
0.4852,2642
0.4652,2643
0.466,2644
0.4748,2645
0.4712,2646
0.4752,2647
0.472,2648
0.466,2649
0.4692,2650
0.4692,2651
0.472,2652
0.4744,2653
0.4588,2654
0.4444,2655
0.4532,2656
0.4492,2657
0.4432,2658
0.4556,2659
0.4544,2660
0.4408,2661
0.46,2662
0.4776,2663
0.4872,2664
0.5004,2665
0.506,2666
0.5096,2667
0.5004,2668
0.4996,2669
0.4912,2670
0.4856,2671
0.4812,2672
0.4784,2673
0.4776,2674
0.4624,2675
0.4476,2676
0.4596,2677
0.4688,2678
0.4704,2679
0.4584,2680
0.4636,2681
0.4676,2682
0.4844,2683
0.4636,2684
0.4728,2685
0.4716,2686
0.4792,2687
0.4648,2688
0.4644,2689
0.4804,2690
0.464,2691
0.4764,2692
0.4888,2693
0.4764,2694
0.466,2695
0.4696,2696
0.4684,2697
0.468,2698
0.47,2699
0.4844,2700
0.4832,2701
0.4628,2702
0.4552,2703
0.4664,2704
0.4852,2705
0.482,2706
0.4868,2707
0.4796,2708
0.472,2709
0.4684,2710
0.47,2711
0.4656,2712
0.4684,2713
0.4672,2714
0.4656,2715
0.4788,2716
0.4856,2717
0.4828,2718
0.4688,2719
0.4556,2720
0.46,2721
0.4648,2722
0.4756,2723
0.4828,2724
0.472,2725
0.4724,2726
0.4752,2727
0.4776,2728
0.4772,2729
0.4668,2730
0.482,2731
0.4788,2732
0.4724,2733
0.49,2734
0.4936,2735
0.4928,2736
0.486,2737
0.4844,2738
0.492,2739
0.4916,2740
0.4868,2741
0.4876,2742
0.4884,2743
0.4864,2744
0.486,2745
0.4788,2746
0.4848,2747
0.4672,2748
0.488,2749
0.4964,2750
0.5012,2751
0.484,2752
0.4748,2753
0.4728,2754
0.4756,2755
0.4808,2756
0.4712,2757
0.478,2758
0.4844,2759
0.4676,2760
0.4696,2761
0.4636,2762
0.474,2763
0.47,2764
0.4588,2765
0.4568,2766
0.446,2767
0.4524,2768
0.4616,2769
0.4628,2770
0.474,2771
0.4868,2772
0.4864,2773
0.4864,2774
0.4876,2775
0.4924,2776
0.494,2777
0.5092,2778
0.5032,2779
0.5092,2780
0.4888,2781
0.5036,2782
0.5112,2783
0.504,2784
0.4992,2785
0.4904,2786
0.4964,2787
0.4988,2788
0.4888,2789
0.4956,2790
0.5016,2791
0.4912,2792
0.4832,2793
0.4896,2794
0.4896,2795
0.488,2796
0.474,2797
0.4896,2798
0.4836,2799
0.4708,2800
0.4552,2801
0.452,2802
0.4532,2803
0.4408,2804
0.4384,2805
0.4352,2806
0.44,2807
0.4348,2808
0.4588,2809
0.4756,2810
0.4888,2811
0.4976,2812
0.4844,2813
0.4916,2814
0.4816,2815
0.4764,2816
0.4832,2817
0.4804,2818
0.484,2819
0.4756,2820
0.4928,2821
0.4976,2822
0.4832,2823
0.474,2824
0.4612,2825
0.4812,2826
0.4848,2827
0.4808,2828
0.4692,2829
0.478,2830
0.472,2831
0.4768,2832
0.4744,2833
0.4728,2834
0.4844,2835
0.4744,2836
0.4828,2837
0.4808,2838
0.4928,2839
0.4824,2840
0.4784,2841
0.4852,2842
0.4788,2843
0.4768,2844
0.4728,2845
0.4964,2846
0.494,2847
0.4988,2848
0.4892,2849
0.4944,2850
0.5008,2851
0.4928,2852
0.4956,2853
0.4796,2854
0.4836,2855
0.4856,2856
0.4816,2857
0.472,2858
0.4744,2859
0.4808,2860
0.482,2861
0.486,2862
0.4904,2863
0.4916,2864
0.486,2865
0.466,2866
0.4784,2867
0.48,2868
0.47,2869
0.4616,2870
0.4624,2871
0.4624,2872
0.4676,2873
0.4548,2874
0.4464,2875
0.4532,2876
0.444,2877
0.452,2878
0.4652,2879
0.4668,2880
0.464,2881
0.4708,2882
0.4828,2883
0.4788,2884
0.48,2885
0.4788,2886
0.4764,2887
0.4724,2888
0.482,2889
0.4908,2890
0.4764,2891
0.4752,2892
0.4836,2893
0.4812,2894
0.496,2895
0.4792,2896
0.4836,2897
0.4828,2898
0.4892,2899
0.4996,2900
0.4904,2901
0.4996,2902
0.4992,2903
0.5004,2904
0.5048,2905
0.4956,2906
0.486,2907
0.4944,2908
0.4988,2909
0.4988,2910
0.514,2911
0.5056,2912
0.5112,2913
0.4908,2914
0.4752,2915
0.4904,2916
0.4728,2917
0.4664,2918
0.4736,2919
0.4744,2920
0.474,2921
0.4844,2922
0.4632,2923
0.4488,2924
0.4552,2925
0.4584,2926
0.46,2927
0.4728,2928
0.4724,2929
0.4776,2930
0.4684,2931
0.4688,2932
0.4736,2933
0.4572,2934
0.4652,2935
0.4604,2936
0.4728,2937
0.478,2938
0.478,2939
0.4704,2940
0.47,2941
0.476,2942
0.4492,2943
0.4556,2944
0.4576,2945
0.46,2946
0.4736,2947
0.4748,2948
0.4768,2949
0.5012,2950
0.4896,2951
0.4972,2952
0.5,2953
0.5008,2954
0.4872,2955
0.4812,2956
0.498,2957
0.5096,2958
0.5024,2959
0.4992,2960
0.4868,2961
0.488,2962
0.4936,2963
0.4816,2964
0.484,2965
0.4936,2966
0.4736,2967
0.48,2968
0.488,2969
0.4868,2970
0.4752,2971
0.4724,2972
0.4704,2973
0.4616,2974
0.4768,2975
0.4688,2976
0.4676,2977
0.4736,2978
0.4696,2979
0.4776,2980
0.4752,2981
0.4696,2982
0.46,2983
0.4676,2984
0.4916,2985
0.4768,2986
0.4788,2987
0.4996,2988
0.482,2989
0.4828,2990
0.48,2991
0.4672,2992
0.4712,2993
0.4596,2994
0.4576,2995
0.4452,2996
0.4516,2997
0.4668,2998
0.462,2999
0.456,3000
0.4676,3001
0.4752,3002
0.4828,3003
0.4728,3004
0.4704,3005
0.4684,3006
0.4708,3007
0.4704,3008
0.4572,3009
0.4732,3010
0.4616,3011
0.4672,3012
0.4736,3013
0.4616,3014
0.4556,3015
0.448,3016
0.4628,3017
0.4624,3018
0.4732,3019
0.474,3020
0.48,3021
0.4744,3022
0.4652,3023
0.4584,3024
0.4644,3025
0.4696,3026
0.4564,3027
0.4668,3028
0.4664,3029
0.4612,3030
0.4516,3031
0.4472,3032
0.46,3033
0.4556,3034
0.4728,3035
0.4512,3036
0.4672,3037
0.4628,3038
0.4796,3039
0.49,3040
0.4816,3041
0.4824,3042
0.47,3043
0.4876,3044
0.4788,3045
0.4856,3046
0.476,3047
0.4736,3048
0.4552,3049
0.4656,3050
0.4768,3051
0.4772,3052
0.4792,3053
0.476,3054
0.4948,3055
0.4844,3056
0.4676,3057
0.472,3058
0.4636,3059
0.456,3060
0.4756,3061
0.4692,3062
0.4724,3063
0.474,3064
0.4736,3065
0.4616,3066
0.4772,3067
0.4608,3068
0.4704,3069
0.4684,3070
0.4584,3071
0.468,3072
0.4692,3073
0.4656,3074
0.458,3075
0.4604,3076
0.4532,3077
0.4644,3078
0.4588,3079
0.4504,3080
0.4656,3081
0.4944,3082
0.4804,3083
0.4716,3084
0.4648,3085
0.4852,3086
0.4956,3087
0.4844,3088
0.486,3089
0.4884,3090
0.4828,3091
0.4776,3092
0.4692,3093
0.4604,3094
0.4516,3095
0.4564,3096
0.4708,3097
0.49,3098
0.4816,3099
0.488,3100
0.4816,3101
0.4828,3102
0.4988,3103
0.4928,3104
0.484,3105
0.4912,3106
0.5012,3107
0.4988,3108
0.508,3109
0.5208,3110
0.5144,3111
0.5096,3112
0.5168,3113
0.5192,3114
0.4868,3115
0.4832,3116
0.4844,3117
0.486,3118
0.4776,3119
0.4848,3120
0.4888,3121
0.4796,3122
0.4912,3123
0.4656,3124
0.4768,3125
0.4828,3126
0.4708,3127
0.4724,3128
0.4544,3129
0.458,3130
0.4684,3131
0.4756,3132
0.472,3133
0.4904,3134
0.4952,3135
0.4912,3136
0.4848,3137
0.492,3138
0.4612,3139
0.462,3140
0.4624,3141
0.4748,3142
0.472,3143
0.4724,3144
0.4832,3145
0.4836,3146
0.4608,3147
0.4676,3148
0.4728,3149
0.4728,3150
0.4544,3151
0.4508,3152
0.4616,3153
0.4728,3154
0.4632,3155
0.4748,3156
0.4708,3157
0.4572,3158
0.4552,3159
0.4652,3160
0.474,3161
0.478,3162
0.4788,3163
0.4752,3164
0.4576,3165
0.4532,3166
0.4504,3167
0.4724,3168
0.4588,3169
0.4756,3170
0.4704,3171
0.4576,3172
0.464,3173
0.4576,3174
0.4568,3175
0.4744,3176
0.4744,3177
0.4856,3178
0.4728,3179
0.4872,3180
0.4884,3181
0.5088,3182
0.4968,3183
0.4912,3184
0.4868,3185
0.5028,3186
0.5012,3187
0.4928,3188
0.4924,3189
0.484,3190
0.4864,3191
0.4856,3192
0.48,3193
0.482,3194
0.4692,3195
0.47,3196
0.4676,3197
0.4712,3198
0.472,3199
0.4764,3200
0.4804,3201
0.48,3202
0.4872,3203
0.4892,3204
0.5148,3205
0.512,3206
0.512,3207
0.5044,3208
0.5008,3209
0.5012,3210
0.4988,3211
0.4924,3212
0.494,3213
0.4792,3214
0.4788,3215
0.4872,3216
0.4724,3217
0.4704,3218
0.4524,3219
0.4392,3220
0.4552,3221
0.4688,3222
0.4744,3223
0.474,3224
0.476,3225
0.4692,3226
0.4704,3227
0.4844,3228
0.4768,3229
0.486,3230
0.4876,3231
0.4748,3232
0.4856,3233
0.4976,3234
0.484,3235
0.4812,3236
0.498,3237
0.4944,3238
0.4816,3239
0.4668,3240
0.468,3241
0.4724,3242
0.4876,3243
0.4828,3244
0.4804,3245
0.478,3246
0.48,3247
0.4804,3248
0.4836,3249
0.4884,3250
0.4916,3251
0.4864,3252
0.4916,3253
0.4892,3254
0.5028,3255
0.4912,3256
0.4932,3257
0.4908,3258
0.4776,3259
0.468,3260
0.4744,3261
0.4776,3262
0.4736,3263
0.4992,3264
0.4996,3265
0.4948,3266
0.4828,3267
0.484,3268
0.4828,3269
0.4848,3270
0.4728,3271
0.4876,3272
0.4728,3273
0.4844,3274
0.5032,3275
0.4948,3276
0.5072,3277
0.4824,3278
0.484,3279
0.4788,3280
0.4996,3281
0.4988,3282
0.4976,3283
0.5012,3284
0.4884,3285
0.4692,3286
0.4756,3287
0.4744,3288
0.4876,3289
0.4824,3290
0.4824,3291
0.48,3292
0.4908,3293
0.4912,3294
0.496,3295
0.4928,3296
0.4908,3297
0.488,3298
0.4828,3299
0.4808,3300
0.486,3301
0.4896,3302
0.486,3303
0.4732,3304
0.466,3305
0.4788,3306
0.472,3307
0.4696,3308
0.4624,3309
0.4648,3310
0.4756,3311
0.4804,3312
0.464,3313
0.4544,3314
0.464,3315
0.4652,3316
0.4588,3317
0.4592,3318
0.4528,3319
0.4496,3320
0.472,3321
0.4696,3322
0.4708,3323
0.4792,3324
0.462,3325
0.4544,3326
0.4832,3327
0.4792,3328
0.4724,3329
0.4752,3330
0.4676,3331
0.492,3332
0.4824,3333
0.4704,3334
0.4772,3335
0.49,3336
0.4868,3337
0.4808,3338
0.4796,3339
0.486,3340
0.4884,3341
0.488,3342
0.4868,3343
0.4876,3344
0.5008,3345
0.4848,3346
0.4844,3347
0.492,3348
0.4796,3349
0.4784,3350
0.4648,3351
0.4552,3352
0.4532,3353
0.4688,3354
0.4728,3355
0.482,3356
0.4812,3357
0.47,3358
0.48,3359
0.478,3360
0.478,3361
0.4768,3362
0.4864,3363
0.4968,3364
0.4908,3365
0.494,3366
0.5176,3367
0.5152,3368
0.4892,3369
0.5004,3370
0.5012,3371
0.496,3372
0.4988,3373
0.494,3374
0.4988,3375
0.4864,3376
0.4676,3377
0.4664,3378
0.4808,3379
0.4752,3380
0.474,3381
0.4764,3382
0.4836,3383
0.4768,3384
0.4936,3385
0.4952,3386
0.4856,3387
0.4908,3388
0.4748,3389
0.4772,3390
0.4736,3391
0.4816,3392
0.474,3393
0.4848,3394
0.4844,3395
0.4956,3396
0.4928,3397
0.4944,3398
0.49,3399
0.4884,3400
0.4784,3401
0.4844,3402
0.5056,3403
0.5012,3404
0.496,3405
0.48,3406
0.4692,3407
0.4516,3408
0.47,3409
0.4836,3410
0.4808,3411
0.4848,3412
0.4892,3413
0.4892,3414
0.486,3415
0.4816,3416
0.4816,3417
0.4928,3418
0.482,3419
0.496,3420
0.5004,3421
0.5032,3422
0.5012,3423
0.4968,3424
0.488,3425
0.4888,3426
0.4816,3427
0.482,3428
0.5088,3429
0.5048,3430
0.4872,3431
0.4748,3432
0.4716,3433
0.4812,3434
0.4772,3435
0.476,3436
0.482,3437
0.476,3438
0.4808,3439
0.4928,3440
0.496,3441
0.5024,3442
0.4984,3443
0.498,3444
0.494,3445
0.4912,3446
0.4904,3447
0.4828,3448
0.478,3449
0.462,3450
0.474,3451
0.4748,3452
0.4456,3453
0.4496,3454
0.4656,3455
0.4748,3456
0.4572,3457
0.4508,3458
0.4536,3459
0.4572,3460
0.4624,3461
0.4824,3462
0.4872,3463
0.4936,3464
0.4856,3465
0.4764,3466
0.4852,3467
0.4868,3468
0.4824,3469
0.4764,3470
0.4916,3471
0.4872,3472
0.468,3473
0.4728,3474
0.4592,3475
0.4552,3476
0.4516,3477
0.4468,3478
0.4532,3479
0.4716,3480
0.4716,3481
0.4504,3482
0.444,3483
0.46,3484
0.468,3485
0.4708,3486
0.4764,3487
0.4884,3488
0.5068,3489
0.5064,3490
0.4972,3491
0.4924,3492
0.4816,3493
0.482,3494
0.4796,3495
0.4792,3496
0.502,3497
0.5124,3498
0.5156,3499
0.514,3500
0.5132,3501
0.5068,3502
0.5088,3503
0.5168,3504
0.5044,3505
0.5016,3506
0.4788,3507
0.492,3508
0.5024,3509
0.508,3510
0.5048,3511
0.4964,3512
0.4864,3513
0.49,3514
0.4784,3515
0.4756,3516
0.4796,3517
0.4784,3518
0.4784,3519
0.4896,3520
0.4916,3521
0.4932,3522
0.4764,3523
0.4812,3524
0.488,3525
0.478,3526
0.4852,3527
0.4868,3528
0.4992,3529
0.498,3530
0.488,3531
0.4688,3532
0.4868,3533
0.5028,3534
0.5072,3535
0.518,3536
0.5196,3537
0.5092,3538
0.498,3539
0.4992,3540
0.4912,3541
0.4708,3542
0.48,3543
0.488,3544
0.484,3545
0.4792,3546
0.4864,3547
0.4748,3548
0.4836,3549
0.4884,3550
0.4856,3551
0.4968,3552
0.5008,3553
0.5012,3554
0.5136,3555
0.5044,3556
0.5048,3557
0.5048,3558
0.506,3559
0.4956,3560
0.5052,3561
0.4996,3562
0.516,3563
0.5152,3564
0.5224,3565
0.5268,3566
0.514,3567
0.498,3568
0.5008,3569
0.4772,3570
0.462,3571
0.4772,3572
0.482,3573
0.4912,3574
0.488,3575
0.4876,3576
0.4672,3577
0.472,3578
0.4732,3579
0.466,3580
0.4792,3581
0.4808,3582
0.4952,3583
0.4956,3584
0.4804,3585
0.48,3586
0.4752,3587
0.462,3588
0.454,3589
0.4588,3590
0.47,3591
0.4708,3592
0.4844,3593
0.4824,3594
0.4612,3595
0.4696,3596
0.4652,3597
0.4516,3598
0.458,3599
0.4592,3600
0.4668,3601
0.4836,3602
0.4896,3603
0.5072,3604
0.4928,3605
0.4784,3606
0.4828,3607
0.4776,3608
0.4852,3609
0.4728,3610
0.4688,3611
0.4744,3612
0.4832,3613
0.4792,3614
0.4704,3615
0.4804,3616
0.4836,3617
0.4624,3618
0.4692,3619
0.4736,3620
0.4916,3621
0.4848,3622
0.486,3623
0.478,3624
0.4896,3625
0.4928,3626
0.4812,3627
0.4776,3628
0.4848,3629
0.4756,3630
0.4904,3631
0.4868,3632
0.4876,3633
0.4688,3634
0.472,3635
0.4752,3636
0.4748,3637
0.4684,3638
0.476,3639
0.4732,3640
0.4748,3641
0.486,3642
0.4872,3643
0.4916,3644
0.512,3645
0.5064,3646
0.5028,3647
0.498,3648
0.5124,3649
0.518,3650
0.5104,3651
0.4952,3652
0.4956,3653
0.496,3654
0.494,3655
0.4748,3656
0.472,3657
0.474,3658
0.4664,3659
0.46,3660
0.4624,3661
0.47,3662
0.4684,3663
0.4628,3664
0.4624,3665
0.4692,3666
0.4688,3667
0.4852,3668
0.4504,3669
0.4652,3670
0.4832,3671
0.4796,3672
0.4772,3673
0.4748,3674
0.4644,3675
0.4644,3676
0.464,3677
0.4704,3678
0.478,3679
0.4596,3680
0.44,3681
0.4504,3682
0.4644,3683
0.4716,3684
0.4672,3685
0.4636,3686
0.456,3687
0.4628,3688
0.4684,3689
0.4952,3690
0.496,3691
0.4876,3692
0.4864,3693
0.4776,3694
0.4616,3695
0.4624,3696
0.4504,3697
0.4608,3698
0.4584,3699
0.4724,3700
0.4664,3701
0.462,3702
0.4576,3703
0.466,3704
0.4536,3705
0.4656,3706
0.4584,3707
0.4588,3708
0.4572,3709
0.4596,3710
0.4588,3711
0.4652,3712
0.456,3713
0.4684,3714
0.4748,3715
0.4888,3716
0.4868,3717
0.486,3718
0.5052,3719
0.4968,3720
0.4852,3721
0.4872,3722
0.4916,3723
0.4708,3724
0.4792,3725
0.4588,3726
0.48,3727
0.4808,3728
0.4704,3729
0.476,3730
0.476,3731
0.4772,3732
0.4968,3733
0.4924,3734
0.5116,3735
0.4864,3736
0.488,3737
0.4928,3738
0.4876,3739
0.494,3740
0.496,3741
0.496,3742
0.4904,3743
0.4948,3744
0.4924,3745
0.4696,3746
0.4884,3747
0.4824,3748
0.4748,3749
0.464,3750
0.4696,3751
0.466,3752
0.4844,3753
0.4852,3754
0.4796,3755
0.4728,3756
0.4652,3757
0.4576,3758
0.4652,3759
0.4716,3760
0.4856,3761
0.4792,3762
0.494,3763
0.4936,3764
0.4996,3765
0.4972,3766
0.488,3767
0.4756,3768
0.476,3769
0.466,3770
0.4728,3771
0.4752,3772
0.4608,3773
0.4756,3774
0.4784,3775
0.4848,3776
0.4744,3777
0.4708,3778
0.4804,3779
0.4892,3780
0.47,3781
0.4736,3782
0.4712,3783
0.4896,3784
0.4912,3785
0.4896,3786
0.4876,3787
0.4928,3788
0.4996,3789
0.4992,3790
0.4964,3791
0.4836,3792
0.4776,3793
0.4876,3794
0.48,3795
0.4852,3796
0.4748,3797
0.4764,3798
0.464,3799
0.4608,3800
0.4588,3801
0.4532,3802
0.4664,3803
0.4808,3804
0.4768,3805
0.468,3806
0.4744,3807
0.4664,3808
0.4612,3809
0.454,3810
0.4612,3811
0.472,3812
0.452,3813
0.452,3814
0.4736,3815
0.4656,3816
0.4812,3817
0.4768,3818
0.474,3819
0.4668,3820
0.4692,3821
0.474,3822
0.4768,3823
0.4816,3824
0.4664,3825
0.4652,3826
0.4764,3827
0.4816,3828
0.48,3829
0.476,3830
0.4776,3831
0.4824,3832
0.4976,3833
0.4984,3834
0.498,3835
0.5036,3836
0.5052,3837
0.496,3838
0.4964,3839
0.4784,3840
0.4884,3841
0.4748,3842
0.504,3843
0.4868,3844
0.4856,3845
0.4928,3846
0.4968,3847
0.4992,3848
0.4828,3849
0.486,3850
0.492,3851
0.4692,3852
0.468,3853
0.474,3854
0.4836,3855
0.486,3856
0.48,3857
0.4804,3858
0.4652,3859
0.4536,3860
0.4572,3861
0.4864,3862
0.4708,3863
0.486,3864
0.4716,3865
0.4804,3866
0.486,3867
0.4724,3868
0.4624,3869
0.4656,3870
0.4752,3871
0.4664,3872
0.4632,3873
0.456,3874
0.4652,3875
0.472,3876
0.4744,3877
0.4848,3878
0.4728,3879
0.4668,3880
0.4592,3881
0.46,3882
0.4564,3883
0.4472,3884
0.4444,3885
0.4464,3886
0.4428,3887
0.45,3888
0.4484,3889
0.47,3890
0.4624,3891
0.4836,3892
0.486,3893
0.4876,3894
0.498,3895
0.4952,3896
0.4816,3897
0.4856,3898
0.4748,3899
0.4864,3900
0.476,3901
0.47,3902
0.476,3903
0.488,3904
0.4796,3905
0.4808,3906
0.4848,3907
0.4804,3908
0.4668,3909
0.4708,3910
0.472,3911
0.4676,3912
0.4832,3913
0.4836,3914
0.4864,3915
0.4872,3916
0.4764,3917
0.4644,3918
0.48,3919
0.4904,3920
0.4776,3921
0.4616,3922
0.4688,3923
0.4764,3924
0.4852,3925
0.4832,3926
0.4872,3927
0.4732,3928
0.4696,3929
0.4724,3930
0.48,3931
0.4804,3932
0.4896,3933
0.4936,3934
0.4956,3935
0.4908,3936
0.4972,3937
0.4872,3938
0.502,3939
0.4996,3940
0.4968,3941
0.5012,3942
0.5072,3943
0.4896,3944
0.4828,3945
0.4708,3946
0.474,3947
0.4832,3948
0.4728,3949
0.4776,3950
0.4756,3951
0.4844,3952
0.4916,3953
0.4876,3954
0.4796,3955
0.488,3956
0.4872,3957
0.49,3958
0.4736,3959
0.4664,3960
0.472,3961
0.4708,3962
0.4712,3963
0.466,3964
0.448,3965
0.448,3966
0.4472,3967
0.454,3968
0.4592,3969
0.4456,3970
0.4396,3971
0.4596,3972
0.4544,3973
0.4532,3974
0.4652,3975
0.4664,3976
0.466,3977
0.4648,3978
0.4608,3979
0.4584,3980
0.446,3981
0.4492,3982
0.466,3983
0.4608,3984
0.4652,3985
0.46,3986
0.4712,3987
0.456,3988
0.4724,3989
0.4616,3990
0.478,3991
0.4764,3992
0.4696,3993
0.4712,3994
0.4916,3995
0.4864,3996
0.4916,3997
0.4848,3998
0.4716,3999
0.4872,4000
0.4908,4001
0.5072,4002
0.5088,4003
0.5172,4004
0.4964,4005
0.5028,4006
0.5168,4007
0.4924,4008
0.4856,4009
0.4932,4010
0.4792,4011
0.4864,4012
0.4804,4013
0.4664,4014
0.462,4015
0.4552,4016
0.4628,4017
0.47,4018
0.4768,4019
0.4672,4020
0.4592,4021
0.462,4022
0.4804,4023
0.4752,4024
0.476,4025
0.4932,4026
0.4904,4027
0.5096,4028
0.5164,4029
0.5156,4030
0.5156,4031
0.5172,4032
0.5044,4033
0.5112,4034
0.5148,4035
0.4964,4036
0.5068,4037
0.5148,4038
0.5184,4039
0.5036,4040
0.5104,4041
0.4976,4042
0.4972,4043
0.4908,4044
0.5068,4045
0.4948,4046
0.502,4047
0.492,4048
0.4908,4049
0.5048,4050
0.4976,4051
0.4908,4052
0.4852,4053
0.5028,4054
0.5016,4055
0.5008,4056
0.5036,4057
0.494,4058
0.49,4059
0.4872,4060
0.4884,4061
0.5044,4062
0.4984,4063
0.5112,4064
0.494,4065
0.4968,4066
0.494,4067
0.4848,4068
0.4684,4069
0.4764,4070
0.4696,4071
0.4784,4072
0.4808,4073
0.4648,4074
0.4644,4075
0.464,4076
0.4704,4077
0.4608,4078
0.4528,4079
0.4684,4080
0.4696,4081
0.4708,4082
0.4588,4083
0.478,4084
0.4744,4085
0.4832,4086
0.4848,4087
0.4784,4088
0.4848,4089
0.4868,4090
0.4836,4091
0.4988,4092
0.4868,4093
0.4928,4094
0.4868,4095
0.4776,4096
0.474,4097
0.4872,4098
0.4776,4099
0.4708,4100
0.458,4101
0.46,4102
0.4572,4103
0.4624,4104
0.4864,4105
0.5004,4106
0.4904,4107
0.4828,4108
0.472,4109
0.486,4110
0.4696,4111
0.4812,4112
0.4928,4113
0.484,4114
0.468,4115
0.4584,4116
0.4688,4117
0.4684,4118
0.478,4119
0.4748,4120
0.4812,4121
0.452,4122
0.4492,4123
0.4556,4124
0.4656,4125
0.4664,4126
0.4624,4127
0.4536,4128
0.4676,4129
0.466,4130
0.4576,4131
0.4688,4132
0.48,4133
0.4772,4134
0.484,4135
0.4864,4136
0.5012,4137
0.5068,4138
0.5268,4139
0.5156,4140
0.5272,4141
0.5312,4142
0.5248,4143
0.528,4144
0.5112,4145
0.5128,4146
0.5068,4147
0.504,4148
0.504,4149
0.4944,4150
0.4956,4151
0.4992,4152
0.494,4153
0.4992,4154
0.5088,4155
0.504,4156
0.498,4157
0.4896,4158
0.5016,4159
0.4988,4160
0.4972,4161
0.4892,4162
0.4964,4163
0.5012,4164
0.4956,4165
0.4916,4166
0.4788,4167
0.4732,4168
0.472,4169
0.4872,4170
0.4788,4171
0.472,4172
0.4688,4173
0.4844,4174
0.474,4175
0.4548,4176
0.4536,4177
0.4644,4178
0.4632,4179
0.4628,4180
0.45,4181
0.4564,4182
0.4488,4183
0.4568,4184
0.4592,4185
0.4808,4186
0.4752,4187
0.4828,4188
0.4952,4189
0.4904,4190
0.5032,4191
0.4988,4192
0.5052,4193
0.4892,4194
0.4916,4195
0.4864,4196
0.4996,4197
0.4948,4198
0.4828,4199
0.4768,4200
0.4708,4201
0.48,4202
0.4648,4203
0.4652,4204
0.4684,4205
0.4696,4206
0.458,4207
0.46,4208
0.4584,4209
0.4688,4210
0.4704,4211
0.47,4212
0.4756,4213
0.4832,4214
0.4804,4215
0.4804,4216
0.484,4217
0.4796,4218
0.4728,4219
0.4744,4220
0.4744,4221
0.464,4222
0.4676,4223
0.456,4224
0.4652,4225
0.4832,4226
0.4784,4227
0.4796,4228
0.4744,4229
0.4928,4230
0.4836,4231
0.4848,4232
0.4936,4233
0.4788,4234
0.4792,4235
0.4768,4236
0.4804,4237
0.4764,4238
0.4748,4239
0.48,4240
0.4828,4241
0.4648,4242
0.4624,4243
0.4464,4244
0.4584,4245
0.4656,4246
0.46,4247
0.454,4248
0.448,4249
0.4608,4250
0.4648,4251
0.472,4252
0.472,4253
0.4692,4254
0.4664,4255
0.4592,4256
0.454,4257
0.456,4258
0.4556,4259
0.4704,4260
0.4688,4261
0.4676,4262
0.4608,4263
0.4564,4264
0.4652,4265
0.4684,4266
0.458,4267
0.4552,4268
0.44,4269
0.4496,4270
0.4504,4271
0.4468,4272
0.4652,4273
0.4684,4274
0.4836,4275
0.4648,4276
0.4788,4277
0.4736,4278
0.4812,4279
0.4664,4280
0.464,4281
0.4608,4282
0.4604,4283
0.4532,4284
0.4572,4285
0.46,4286
0.4624,4287
0.4572,4288
0.4492,4289
0.4428,4290
0.4528,4291
0.4592,4292
0.4592,4293
0.4648,4294
0.4676,4295
0.4756,4296
0.4668,4297
0.4572,4298
0.4528,4299
0.4628,4300
0.4628,4301
0.4612,4302
0.4716,4303
0.4736,4304
0.4636,4305
0.4596,4306
0.4688,4307
0.4716,4308
0.4696,4309
0.4552,4310
0.4604,4311
0.46,4312
0.4588,4313
0.4572,4314
0.444,4315
0.4548,4316
0.4716,4317
0.478,4318
0.482,4319
0.4708,4320
0.4732,4321
0.468,4322
0.4864,4323
0.4932,4324
0.4848,4325
0.4656,4326
0.468,4327
0.4656,4328
0.4644,4329
0.4736,4330
0.4892,4331
0.4816,4332
0.4752,4333
0.4872,4334
0.4736,4335
0.4828,4336
0.4604,4337
0.4648,4338
0.474,4339
0.4876,4340
0.4716,4341
0.4612,4342
0.458,4343
0.47,4344
0.4692,4345
0.4568,4346
0.4568,4347
0.4392,4348
0.4528,4349
0.4564,4350
0.4668,4351
0.476,4352
0.4908,4353
0.49,4354
0.5036,4355
0.5108,4356
0.5036,4357
0.4996,4358
0.4968,4359
0.5016,4360
0.5128,4361
0.4904,4362
0.498,4363
0.4976,4364
0.4764,4365
0.4696,4366
0.4828,4367
0.4952,4368
0.488,4369
0.486,4370
0.4992,4371
0.5012,4372
0.5008,4373
0.5064,4374
0.5132,4375
0.512,4376
0.4828,4377
0.498,4378
0.4852,4379
0.4872,4380
0.4876,4381
0.4772,4382
0.478,4383
0.4812,4384
0.4932,4385
0.4904,4386
0.4868,4387
0.488,4388
0.4992,4389
0.4868,4390
0.4784,4391
0.4848,4392
0.4776,4393
0.4844,4394
0.4908,4395
0.4776,4396
0.4632,4397
0.4676,4398
0.4728,4399
0.4684,4400
0.4716,4401
0.4748,4402
0.4768,4403
0.4812,4404
0.4768,4405
0.4736,4406
0.4616,4407
0.466,4408
0.4808,4409
0.4716,4410
0.4808,4411
0.4716,4412
0.4712,4413
0.4624,4414
0.4732,4415
0.4712,4416
0.4876,4417
0.486,4418
0.4928,4419
0.4976,4420
0.4792,4421
0.4808,4422
0.4828,4423
0.4812,4424
0.5016,4425
0.5024,4426
0.4948,4427
0.4868,4428
0.482,4429
0.484,4430
0.4632,4431
0.4508,4432
0.4572,4433
0.4568,4434
0.4644,4435
0.476,4436
0.4704,4437
0.4684,4438
0.4644,4439
0.462,4440
0.4532,4441
0.45,4442
0.4716,4443
0.4484,4444
0.484,4445
0.4732,4446
0.462,4447
0.4852,4448
0.4836,4449
0.4944,4450
0.49,4451
0.4656,4452
0.4816,4453
0.4784,4454
0.4796,4455
0.4764,4456
0.4664,4457
0.4556,4458
0.4604,4459
0.4628,4460
0.458,4461
0.4888,4462
0.4888,4463
0.4888,4464
0.486,4465
0.4932,4466
0.4904,4467
0.4992,4468
0.4936,4469
0.4892,4470
0.5012,4471
0.4896,4472
0.4792,4473
0.488,4474
0.4876,4475
0.4644,4476
0.4744,4477
0.4816,4478
0.4848,4479
0.4828,4480
0.4952,4481
0.506,4482
0.488,4483
0.4944,4484
0.486,4485
0.4844,4486
0.4792,4487
0.4808,4488
0.4828,4489
0.4852,4490
0.484,4491
0.478,4492
0.4752,4493
0.4688,4494
0.4624,4495
0.46,4496
0.462,4497
0.4748,4498
0.4816,4499
0.4808,4500
0.496,4501
0.5064,4502
0.5136,4503
0.5124,4504
0.494,4505
0.486,4506
0.486,4507
0.4736,4508
0.4624,4509
0.468,4510
0.4752,4511
0.4888,4512
0.4852,4513
0.4916,4514
0.4876,4515
0.4744,4516
0.4808,4517
0.478,4518
0.4748,4519
0.4792,4520
0.4724,4521
0.4848,4522
0.4948,4523
0.4984,4524
0.494,4525
0.4868,4526
0.4748,4527
0.4796,4528
0.484,4529
0.5036,4530
0.4916,4531
0.4912,4532
0.4928,4533
0.4984,4534
0.5016,4535
0.4956,4536
0.4828,4537
0.4924,4538
0.4876,4539
0.4788,4540
0.4728,4541
0.4624,4542
0.4584,4543
0.4656,4544
0.4636,4545
0.4572,4546
0.4688,4547
0.4596,4548
0.4628,4549
0.462,4550
0.4612,4551
0.4628,4552
0.4636,4553
0.4748,4554
0.4824,4555
0.4928,4556
0.4924,4557
0.4828,4558
0.4988,4559
0.4952,4560
0.4824,4561
0.4848,4562
0.4748,4563
0.4628,4564
0.472,4565
0.4656,4566
0.4684,4567
0.492,4568
0.5068,4569
0.4956,4570
0.4992,4571
0.4924,4572
0.4836,4573
0.4776,4574
0.4624,4575
0.4596,4576
0.4424,4577
0.4536,4578
0.4512,4579
0.47,4580
0.4644,4581
0.4584,4582
0.4764,4583
0.4688,4584
0.4576,4585
0.4708,4586
0.4688,4587
0.4808,4588
0.488,4589
0.4772,4590
0.4804,4591
0.4852,4592
0.4848,4593
0.4924,4594
0.4916,4595
0.484,4596
0.482,4597
0.4956,4598
0.4952,4599
0.4808,4600
0.4788,4601
0.498,4602
0.502,4603
0.4948,4604
0.5008,4605
0.4872,4606
0.4672,4607
0.4716,4608
0.4848,4609
0.4768,4610
0.4908,4611
0.4952,4612
0.488,4613
0.5024,4614
0.4908,4615
0.4948,4616
0.4868,4617
0.4752,4618
0.4736,4619
0.488,4620
0.49,4621
0.498,4622
0.5004,4623
0.516,4624
0.5044,4625
0.512,4626
0.5032,4627
0.5164,4628
0.504,4629
0.4984,4630
0.4968,4631
0.4856,4632
0.5028,4633
0.4876,4634
0.4732,4635
0.4788,4636
0.478,4637
0.4844,4638
0.4744,4639
0.47,4640
0.448,4641
0.4428,4642
0.4508,4643
0.4352,4644
0.4628,4645
0.456,4646
0.4744,4647
0.4872,4648
0.4924,4649
0.486,4650
0.4908,4651
0.4852,4652
0.4756,4653
0.4852,4654
0.4716,4655
0.4844,4656
0.4816,4657
0.4952,4658
0.5032,4659
0.5044,4660
0.5108,4661
0.5096,4662
0.49,4663
0.4928,4664
0.5032,4665
0.502,4666
0.5072,4667
0.5008,4668
0.5116,4669
0.5092,4670
0.5048,4671
0.5016,4672
0.5056,4673
0.5156,4674
0.5012,4675
0.5068,4676
0.5076,4677
0.5192,4678
0.52,4679
0.5096,4680
0.5048,4681
0.488,4682
0.478,4683
0.5004,4684
0.4988,4685
0.5024,4686
0.4984,4687
0.4908,4688
0.4884,4689
0.4992,4690
0.4916,4691
0.5016,4692
0.5064,4693
0.4952,4694
0.5088,4695
0.5172,4696
0.5184,4697
0.5096,4698
0.5108,4699
0.5176,4700
0.5368,4701
0.5388,4702
0.5336,4703
0.5288,4704
0.5192,4705
0.5124,4706
0.5064,4707
0.4996,4708
0.4804,4709
0.4796,4710
0.4888,4711
0.4868,4712
0.4912,4713
0.4764,4714
0.4752,4715
0.4852,4716
0.49,4717
0.4924,4718
0.4868,4719
0.4816,4720
0.4768,4721
0.5024,4722
0.4916,4723
0.4724,4724
0.4728,4725
0.468,4726
0.492,4727
0.5044,4728
0.5108,4729
0.4872,4730
0.4932,4731
0.4796,4732
0.4808,4733
0.4828,4734
0.4912,4735
0.4912,4736
0.4836,4737
0.4864,4738
0.4776,4739
0.4816,4740
0.482,4741
0.4668,4742
0.4624,4743
0.4504,4744
0.458,4745
0.478,4746
0.486,4747
0.4884,4748
0.4932,4749
0.4636,4750
0.47,4751
0.468,4752
0.4644,4753
0.4648,4754
0.4764,4755
0.4668,4756
0.4544,4757
0.4492,4758
0.4544,4759
0.454,4760
0.448,4761
0.4452,4762
0.4484,4763
0.4472,4764
0.436,4765
0.4456,4766
0.4624,4767
0.4704,4768
0.4596,4769
0.466,4770
0.4636,4771
0.4568,4772
0.456,4773
0.46,4774
0.4668,4775
0.4784,4776
0.472,4777
0.4832,4778
0.4888,4779
0.4988,4780
0.4964,4781
0.4936,4782
0.486,4783
0.4852,4784
0.4932,4785
0.4964,4786
0.5064,4787
0.4936,4788
0.5012,4789
0.4744,4790
0.4668,4791
0.4856,4792
0.478,4793
0.476,4794
0.4824,4795
0.4732,4796
0.4756,4797
0.4768,4798
0.4732,4799
0.4784,4800
0.4772,4801
0.486,4802
0.4784,4803
0.4884,4804
0.5084,4805
0.5228,4806
0.508,4807
0.5004,4808
0.4852,4809
0.4928,4810
0.4948,4811
0.5028,4812
0.4992,4813
0.4864,4814
0.4884,4815
0.4852,4816
0.4748,4817
0.4796,4818
0.4872,4819
0.4912,4820
0.4988,4821
0.4948,4822
0.4844,4823
0.4816,4824
0.4824,4825
0.4752,4826
0.478,4827
0.4716,4828
0.4744,4829
0.4788,4830
0.488,4831
0.4856,4832
0.4796,4833
0.4672,4834
0.4684,4835
0.4732,4836
0.4936,4837
0.4896,4838
0.4908,4839
0.4916,4840
0.4872,4841
0.496,4842
0.4972,4843
0.4976,4844
0.4916,4845
0.4952,4846
0.4972,4847
0.4996,4848
0.474,4849
0.4916,4850
0.494,4851
0.484,4852
0.4712,4853
0.4592,4854
0.48,4855
0.472,4856
0.4676,4857
0.4724,4858
0.4768,4859
0.466,4860
0.4672,4861
0.4752,4862
0.4804,4863
0.4712,4864
0.4664,4865
0.4616,4866
0.4568,4867
0.4628,4868
0.4932,4869
0.4964,4870
0.4876,4871
0.4896,4872
0.498,4873
0.474,4874
0.4756,4875
0.4728,4876
0.4744,4877
0.4928,4878
0.5092,4879
0.4924,4880
0.5016,4881
0.494,4882
0.4892,4883
0.4896,4884
0.47,4885
0.46,4886
0.4692,4887
0.4632,4888
0.4804,4889
0.4828,4890
0.4772,4891
0.4732,4892
0.4748,4893
0.4808,4894
0.4736,4895
0.4672,4896
0.4608,4897
0.4584,4898
0.4632,4899
0.4796,4900
0.4776,4901
0.4632,4902
0.4692,4903
0.4688,4904
0.4656,4905
0.4676,4906
0.4652,4907
0.472,4908
0.4732,4909
0.4668,4910
0.486,4911
0.5088,4912
0.5072,4913
0.5108,4914
0.4908,4915
0.4904,4916
0.472,4917
0.468,4918
0.4732,4919
0.4712,4920
0.496,4921
0.4788,4922
0.4788,4923
0.4788,4924
0.4876,4925
0.4832,4926
0.472,4927
0.48,4928
0.4696,4929
0.4552,4930
0.4664,4931
0.47,4932
0.4632,4933
0.45,4934
0.462,4935
0.48,4936
0.4756,4937
0.4604,4938
0.4704,4939
0.4848,4940
0.4844,4941
0.4748,4942
0.468,4943
0.4752,4944
0.4616,4945
0.4664,4946
0.4716,4947
0.4596,4948
0.4644,4949
0.452,4950
0.4436,4951
0.4436,4952
0.4696,4953
0.484,4954
0.4772,4955
0.4744,4956
0.4796,4957
0.476,4958
0.4844,4959
0.482,4960
0.476,4961
0.4492,4962
0.4608,4963
0.4684,4964
0.4732,4965
0.466,4966
0.472,4967
0.4616,4968
0.4672,4969
0.4764,4970
0.4944,4971
0.502,4972
0.4944,4973
0.49,4974
0.4912,4975
0.4896,4976
0.4744,4977
0.4744,4978
0.4756,4979
0.4812,4980
0.4816,4981
0.4736,4982
0.4908,4983
0.4916,4984
0.4736,4985
0.474,4986
0.4744,4987
0.4784,4988
0.4668,4989
0.4632,4990
0.4856,4991
0.4796,4992
0.48,4993
0.494,4994
0.4832,4995
0.4792,4996
0.4892,4997
0.482,4998
0.4764,4999
