0.4692,0
0.4056,1
0.3716,2
0.3484,3
0.3216,4
0.3112,5
0.298,6
0.272,7
0.2472,8
0.2452,9
0.2508,10
0.2372,11
0.2296,12
0.2224,13
0.2056,14
0.1952,15
0.184,16
0.1684,17
0.1624,18
0.1544,19
0.1448,20
0.1332,21
0.1472,22
0.1436,23
0.1404,24
0.1408,25
0.142,26
0.142,27
0.1312,28
0.1304,29
0.128,30
0.124,31
0.122,32
0.1324,33
0.1428,34
0.1452,35
0.1412,36
0.1408,37
0.1356,38
0.1268,39
0.1244,40
0.1268,41
0.1176,42
0.1248,43
0.1232,44
0.1244,45
0.1236,46
0.1224,47
0.1172,48
0.1004,49
0.106,50
0.1056,51
0.1008,52
0.1128,53
0.1156,54
0.1064,55
0.1056,56
0.1028,57
0.1004,58
0.102,59
0.088,60
0.0948,61
0.0908,62
0.0792,63
0.08,64
0.082,65
0.0792,66
0.0784,67
0.0824,68
0.0804,69
0.08,70
0.0756,71
0.0784,72
0.0784,73
0.0784,74
0.074,75
0.076,76
0.0728,77
0.0716,78
0.0768,79
0.0792,80
0.0852,81
0.0808,82
0.086,83
0.0848,84
0.086,85
0.0836,86
0.0856,87
0.0788,88
0.0724,89
0.0716,90
0.0652,91
0.058,92
0.056,93
0.0536,94
0.0564,95
0.0524,96
0.0528,97
0.048,98
0.0476,99
0.0464,100
0.04,101
0.0412,102
0.044,103
0.0392,104
0.0372,105
0.0392,106
0.0368,107
0.0368,108
0.0396,109
0.0368,110
0.036,111
0.0392,112
0.0444,113
0.0428,114
0.0464,115
0.0424,116
0.0392,117
0.0408,118
0.0388,119
0.0408,120
0.046,121
0.0432,122
0.0392,123
0.042,124
0.0388,125
0.0412,126
0.0428,127
0.0412,128
0.0392,129
0.034,130
0.034,131
0.0328,132
0.0368,133
0.0312,134
0.0244,135
0.0244,136
0.0272,137
0.0244,138
0.0268,139
0.0288,140
0.0292,141
0.0308,142
0.0308,143
0.0316,144
0.0352,145
0.0308,146
0.0288,147
0.03,148
0.032,149
0.0248,150
0.0256,151
0.0248,152
0.0224,153
0.0236,154
0.0228,155
0.0228,156
0.0248,157
0.0244,158
0.0208,159
0.02,160
0.0196,161
0.02,162
0.0196,163
0.0188,164
0.018,165
0.0196,166
0.0196,167
0.016,168
0.0172,169
0.0176,170
0.0156,171
0.0184,172
0.0156,173
0.0184,174
0.0152,175
0.0156,176
0.0156,177
0.0152,178
0.014,179
0.012,180
0.012,181
0.01,182
0.0096,183
0.0096,184
0.0096,185
0.0104,186
0.01,187
0.0092,188
0.01,189
0.0124,190
0.0096,191
0.0092,192
0.008,193
0.0084,194
0.0084,195
0.0076,196
0.0076,197
0.0064,198
0.0056,199
0.0076,200
0.0068,201
0.0072,202
0.0076,203
0.0064,204
0.0068,205
0.008,206
0.0112,207
0.0116,208
0.0096,209
0.0116,210
0.0104,211
0.0108,212
0.012,213
0.0124,214
0.0132,215
0.0144,216
0.0132,217
0.0132,218
0.0148,219
0.012,220
0.0116,221
0.01,222
0.0056,223
0.0044,224
0.004,225
0.0052,226
0.0072,227
0.0084,228
0.0092,229
0.01,230
0.0124,231
0.0124,232
0.0108,233
0.0092,234
0.0112,235
0.0132,236
0.0132,237
0.0144,238
0.0156,239
0.0132,240
0.014,241
0.0108,242
0.0116,243
0.0108,244
0.0116,245
0.0128,246
0.0136,247
0.0132,248
0.0104,249
0.0108,250
0.0104,251
0.0136,252
0.0104,253
0.0092,254
0.0088,255
0.0108,256
0.01,257
0.0092,258
0.008,259
0.0084,260
0.01,261
0.0092,262
0.0072,263
0.0056,264
0.0044,265
0.0024,266
0.002,267
0.0024,268
0.0036,269
0.0036,270
0.004,271
0.0032,272
0.002,273
0.0024,274
0.0012,275
0.0012,276
0.0016,277
0.0016,278
0.0008,279
0.0008,280
0.0004,281
0.0008,282
0.0008,283
0.0008,284
0.0008,285
0.0008,286
0.0008,287
0.0012,288
0.0004,289
0.0004,290
0,291
0,292
0,293
0,294
0,295
0,296
0,297
0,298
0,299
0,300
0,301
0,302
0,303
0,304
0,305
0,306
0,307
0,308
0,309
0,310
0,311
0,312
0,313
0,314
0,315
0,316
0,317
0,318
0,319
0,320
0,321
0,322
0,323
0,324
0,325
0,326
0,327
0,328
0,329
0,330
0,331
0,332
0,333
0,334
0,335
0,336
0,337
0,338
0,339
0,340
0,341
0,342
0,343
0,344
0,345
0,346
0,347
0,348
0,349
0,350
0,351
0,352
0,353
0,354
0,355
0,356
0,357
0,358
0,359
0,360
0,361
0,362
0,363
0,364
0,365
0,366
0,367
0,368
0,369
0,370
0,371
0,372
0,373
0,374
0,375
0,376
0,377
0,378
0,379
0,380
0,381
0,382
0,383
0,384
0,385
0,386
0,387
0,388
0,389
0,390
0,391
0,392
0,393
0,394
0,395
0,396
0,397
0,398
0,399
0,400
0,401
0,402
0,403
0,404
0,405
0,406
0,407
0,408
0,409
0,410
0,411
0,412
0,413
0,414
0,415
0,416
0,417
0,418
0,419
0,420
0,421
0,422
0,423
0,424
0,425
0,426
0,427
0,428
0,429
0,430
0,431
0,432
0,433
0,434
0,435
0,436
0,437
0,438
0,439
0,440
0,441
0,442
0,443
0,444
0,445
0,446
0,447
0,448
0,449
0,450
0,451
0,452
0,453
0,454
0,455
0,456
0,457
0,458
0,459
0,460
0,461
0,462
0,463
0,464
0,465
0,466
0,467
0,468
0,469
0,470
0,471
0,472
0,473
0,474
0,475
0,476
0,477
0,478
0,479
0,480
0,481
0,482
0,483
0,484
0,485
0,486
0,487
0,488
0,489
0,490
0,491
0,492
0,493
0,494
0,495
0,496
0,497
0,498
0,499
