7.8,48.2,48.8270416879827,0
8.2,48.4,49.08971379016178,1
11.2,1.8,11.343720729989785,14
11.4,2.2,11.610340218959994,15
11.8,2.2,12.003332870498927,16
12.2,2.4,12.433824833895642,17
12.2,2.8,12.51718818265508,18
12.4,3.2,12.806248474865699,19
12.8,3.2,13.193938001976516,20
13.2,3.4,13.63084736911099,21
13.2,3.8,13.73608386695422,22
13.4,4.2,14.042791745233567,23
13.8,4.2,14.424978336205571,24
14.2,4.4,14.866068747318506,25
14.2,4.8,14.989329538041385,26
14.4,5.2,15.31012736720371,27
14.8,5.2,15.686937240902063,28
15.2,5.4,16.13071604114337,29
15.2,5.8,16.2689889052762,30
15.4,6.2,16.601204775557708,31
15.8,6.2,16.9729196074217,32
16.2,6.4,17.418381095842403,33
16.2,6.8,17.56929139151605,34
16.4,7.2,17.910890541790486,35
16.8,7.2,18.277855454073382,36
17.2,7.4,18.724315741836868,37
17.2,7.8,18.88597363124284,38
17.4,8.2,19.235384061671343,39
17.8,8.2,19.59795907741416,40
18.2,8.4,20.044949488586894,41
18.2,8.8,20.2158353772482,42
18.4,9.2,20.571825392998065,43
18.8,9.2,20.930360723121808,44
19.2,9.4,21.37755832643195,45
19.2,9.8,21.556437553547664,46
19.4,10.2,21.91802910847597,47
19.8,10.2,22.272853431924702,48
20.2,10.4,22.72003521124032,49
20.2,10.8,22.90589443789524,50
20.4,11.2,23.272301132462168,51
20.8,11.2,23.62371689637344,52
21.2,11.4,24.07072911234722,53
21.2,11.8,24.26272861819132,54
21.4,12.2,24.63331078032346,55
21.8,12.2,24.981593223811807,56
22.2,12.4,25.42833065696606,57
22.2,12.8,25.62576828116574,58
22.4,13.2,25.999999999999996,59
22.8,13.2,26.34539808012018,60
23.2,13.4,26.79178978717174,61
23.2,13.8,26.994073423623934,62
23.4,14.2,27.37151804339686,63
23.8,14.2,27.71425625918906,64
24.2,14.4,28.160255680657446,65
24.2,14.8,28.366882098672743,66
24.4,15.2,28.747173774129518,67
24.8,15.2,29.087454340316548,68
25.2,15.4,29.53303235362058,69
25.2,15.8,29.743570733857762,70
25.4,16.2,30.126400382388866,71
25.8,16.2,30.46440545948665,72
26.2,16.4,30.909545451203254,73
26.2,16.8,31.123624467596958,74
26.4,17.2,31.508728949292767,75
26.8,17.2,31.84462277999223,76
27.2,17.4,32.2893171188243,77
27.2,17.8,32.50661471147065,78
27.4,18.2,32.89376840679705,79
27.8,18.2,33.227699288394916,80
28.2,18.4,33.67194678066595,81
28.2,18.8,33.892181989361504,82
28.4,19.2,34.28119017770532,83
28.8,19.2,34.61329224445429,84
29.2,19.4,35.05709628591621,85
29.2,19.8,35.280022675729676,86
29.4,20.2,35.670716281005625,87
29.8,20.2,36.001111093964866,88
30.2,20.4,36.44447831976745,89
30.2,20.8,36.66987864719489,90
30.4,21.2,37.0621100316752,91
30.8,21.2,37.390907985765736,92
31.2,21.4,37.8338472799159,93
31.2,21.8,38.061529133759194,94
31.4,22.2,38.455168703309575,95
31.8,22.2,38.782470266861544,96
32.2,22.4,39.22499203314132,97
32.2,22.8,39.45478424728743,98
32.4,23.2,39.84971769034255,99
32.8,23.2,40.1756144943671,100
33.2,23.4,40.61773011875479,101
33.2,23.8,40.849479800849366,102
33.4,24.2,41.24560582656048,103
33.8,24.2,41.5701816209648,104
34.2,24.4,42.01190307520001,105
34.2,24.8,42.24547313026569,106
34.4,25.2,42.642701602970696,107
34.8,25.2,42.96603309592357,108
35.2,25.4,43.40737264566931,109
35.2,25.8,43.642639700183125,110
35.4,26.2,44.040890090914374,111
35.8,26.2,44.36304768610921,112
36.2,26.4,44.80401767698964,113
36.2,26.8,45.04087032906891,114
36.4,27.2,45.44007042248064,115
36.8,27.2,45.761118867440295,116
37.2,27.4,46.20173156928212,117
37.2,27.8,46.4400689060643,118
37.4,28.2,46.84015371452148,119
37.8,28.2,47.160152671508605,120
38.2,28.4,47.60042016621282,121
38.2,28.8,47.84015050143551,122
38.4,29.2,48.24106134819175,123
38.8,29.2,48.56006589781361,124
39.2,29.4,49.0,125
39.2,29.8,49.24103979405797,126
39.4,30.2,49.642723535277554,127
39.8,30.2,49.960784621540924,128
40.2,30.4,50.40039682383463,129
40.2,30.8,50.64266975584917,130
40.4,31.2,51.045078117287666,131
40.8,31.2,51.362242941678474,132
41.2,31.4,51.80154437852215,133
41.2,31.8,52.04498054567799,134
41.4,32.2,52.44806955456035,135
41.8,32.2,52.76438192568923,136
42.2,32.4,53.203383351061426,137
42.2,32.8,53.447918575001594,138
42.4,33.2,53.85164807134504,139
42.8,33.2,54.16714871580375,140
43.2,33.4,54.60586049134287,141
43.2,33.8,54.851435715029375,142
43.4,34.2,55.255768929587795,143
43.8,34.2,55.57049576888801,144
44.2,34.4,56.00892785976178,145
44.2,34.8,56.25548862111145,146
44.4,35.2,56.66039180944657,147
44.8,35.2,56.974380207247535,148
45.2,35.4,57.412542183742396,149
45.2,35.8,57.66003815468734,150
45.4,36.2,58.065480278733595,151
45.8,36.2,58.37876326199451,152
46.2,36.4,58.81666430528001,153
46.2,36.8,59.065048886799374,154
46.4,37.2,59.47100133678598,155
46.8,37.2,59.78360979398952,156
47.2,37.4,60.2212587048793,157
47.2,37.8,60.47048867009428,158
47.4,38.2,60.876925020897694,159
47.8,38.2,61.18888788007182,160
48.2,38.4,61.62629308988169,161
48.2,38.8,61.876328268571335,162
48.4,39.2,62.28322406555396,163
1.8,42.2,42.23837118071671,176
2.2,42.4,42.457037108116715,177
2.2,42.8,42.856504757154426,178
2.4,43.2,43.266615305567875,179
2.8,43.2,43.290645640831,180
3.2,43.4,43.517812445020716,181
3.2,43.8,43.91673940537935,182
3.4,44.2,44.330576355378014,183
3.8,44.2,44.36304768610922,184
4.2,44.4,44.598206241955516,185
4.2,44.8,44.99644430396695,186
4.4,45.2,45.41365433435191,187
4.8,45.2,45.45415272557614,188
5.2,45.4,45.69682702332843,189
5.2,45.8,46.094251268460795,190
5.4,46.2,46.514513863954335,191
5.8,46.2,46.56264597292555,192
6.2,46.4,46.812391521903685,193
6.2,46.8,47.20889746647341,194
6.4,47.2,47.63192206913343,195
6.8,47.2,47.68731487513215,196
7.2,47.4,47.94371700233514,197
7.2,47.8,48.33921803256648,198
7.4,48.2,48.76474136094644,199
