409
1065
365
310
568
2026
359
1402
506
735
790
1575
514
1430
807
295
402
799
499
446
1825
935
1560
1771
763
613
275
965
320
524
1366
419
679
571
512
488
793
1036
847
269
2073
986
260
454
227
185
305
439
3253
647
1816
2615
553
1069
935
811
376
424
1606
1736
1698
251
441
370
1037
1400
2066
1142
686
1613
536
318
277
548
3497
968
1682
1024
540
784
575
735
780
854
1427
534
656
666
1802
1257
1805
436
569
1349
257
711
432
448
976
1100
616
831
237
952
1202
1219
688
570
448
662
973
810
1044
331
692
593
523
554
396
775
532
289
1076
742
603
1520
741
577
1283
937
708
439
555
1448
465
985
1445
1218
796
402
1054
458
579
947
828
380
1197
2588
474
333
1666
1441
306
1097
495
427
919
240
208
1583
319
328
711
807
2583
276
1509
2034
1010
651
274
1774
643
515
1159
142
421
1016
1526
2105
379
158
315
811
1212
220
383
634
1193
730
257
1091
2037
924
470
903
1180
809
371
1849
1358
575
530
1733
2091
557
829
688
697
1169
596
415
452
1269
1768
406
452
832
607
1099
1626
1129
802
2461
1765
650
640
258
627
219
1233
1169
1245
1020
315
1295
351
1030
378
496
489
542
1302
258
1469
284
1174
544
1416
337
961
195
199
329
370
1165
233
1637
393
262
354
526
1745
1170
1138
632
1679
399
387
213
498
1245
509
1321
259
541
1294
557
730
1051
902
748
1006
356
886
527
801
1638
621
685
211
444
896
992
151
744
465
1049
1121
1153
287
273
1065
1113
403
453
1706
316
706
933
429
774
259
314
230
381
146
579
391
900
475
884
586
1879
246
3236
1054
720
1264
1000
1932
1123
556
2218
2006
573
1311
225
412
781
1354
774
1059
425
831
354
618
909
1545
701
300
861
847
1054
1507
786
797
521
243
629
473
265
896
256
1753
364
2271
949
389
632
378
261
1222
639
458
1172
1044
1596
779
250
717
2347
1428
489
623
1831
372
433
577
928
655
312
1074
484
538
1029
357
455
884
1660
429
949
623
595
265
775
625
905
209
377
1735
546
2267
963
544
163
752
1487
691
714
696
781
466
612
1000
215
555
804
3214
992
408
715
634
827
1349
2460
404
2208
980
1148
1388
170
1690
867
527
234
944
320
362
1030
583
1672
1233
271
1151
1176
534
928
1281
1905
533
876
897
683
685
1007
1343
639
562
331
671
403
620
405
816
972
668
615
602
322
1106
524
662
762
671
399
210
824
888
896
1384
1102
1155
571
1044
527
1131
615
347
932
1820
1350
1426
500
1004
434
448
360
1401
514
281
570
1061
1336
1907
840
608
354
526
403
1159
613
209
1115
873
1393
1103
373
417
1099
1693
959
1718
1093
1330
218
1463
1417
935
2140
1541
419
2795
396
250
398
444
1195
757
525
685
421
252
450
865
389
1596
230
329
1229
706
494
285
1556
958
226
349
745
956
397
1059
751
674
1029
330
1460
901
1850
2083
420
823
988
799
281
295
365
406
784
1286
373
1050
1386
402
502
676
1196
436
1510
1654
903
336
1692
661
190
386
235
940
1664
971
2076
992
262
1661
933
276
1707
441
810
469
881
1477
1461
3100
678
230
1270
1322
1587
806
276
733
949
266
304
487
1858
619
1517
1077
510
402
431
510
369
269
280
506
603
462
1266
677
1073
595
700
740
778
647
610
1308
518
568
1093
901
665
454
1514
704
344
356
295
1794
1503
1510
1020
496
843
658
463
2199
252
434
986
1319
364
612
345
378
1897
954
293
581
1157
1033
827
504
261
1033
1757
917
543
669
959
818
1237
824
275
737
305
790
1668
769
719
1223
2366
1022
550
446
160
905
510
633
224
800
630
211
568
307
414
1964
168
408
1051
208
949
1916
406
956
309
321
2131
291
418
1081
2118
1911
1682
505
895
758
711
310
406
451
294
1743
560
2041
723
407
966
684
2038
1041
1819
432
1061
666
235
671
824
1028
2205
463
529
569
1466
390
598
649
436
706
3391
2133
284
1004
333
743
587
297
356
453
733
782
345
901
824
592
2140
1039
1021
1087
579
982
949
1240
318
603
202
996
1616
352
864
2105
329
824
542
302
2778
591
714
801
720
377
614
2287
520
666
1426
810
418
945
384
251
1316
599
1477
750
1132
384
1024
255
1476
1491
2350
202
360
1634
1474
589
196
226
366
487
768
423
1156
744
1162
988
386
1772
236
978
2311
1563
305
474
250
1115
2086
900
1201
330
2207
768
872
1310
655
2157
317
189
583
1505
1335
1099
850
542
1880
750
472
513
334
2630
1096
538
304
620
1768
2644
788
520
819
446
2331
824
408
1435
1123
2859
1151
1295
911
617
2308
390
631
1564
639
604
525
1310
251
1248
508
418
1023
1253
367
681
1077
1091
993
1297
1559
927
1201
506
681
600
1159
1036
907
298
373
656
602
1019
742
450
1586
1075
895
1256
273
1340
577
904
216
1125
1366
1976
342
628
873
1257
716
286
243
1067
833
1928
2254
865
491
746
389
1946
1592
221
921
299
502
561
276
1423
1714
611
1871
551
628
664
543
465
999
471
617
1030
746
753
561
