295
2307
411
517
2159
584
237
1196
1553
614
1180
4404
615
2225
1191
1165
904
959
2815
551
764
317
1136
352
292
932
387
582
1108
843
616
144
1038
1452
417
2172
311
298
834
351
302
475
989
1452
569
749
1535
794
595
861
426
398
284
727
768
1202
979
1018
3192
658
721
550
415
190
1489
806
740
999
1176
518
195
756
563
413
415
500
1303
1695
175
767
1391
723
343
1567
378
306
468
402
223
1134
1716
1494
339
457
701
610
2825
2356
674
935
548
1075
1222
1955
433
293
694
568
609
462
718
1664
1016
508
362
200
1804
381
1197
741
187
587
906
705
338
1080
696
890
366
980
564
597
687
1310
1348
541
299
968
266
1286
844
412
1640
281
447
1302
833
1058
436
1288
781
513
1011
1349
1119
1389
1657
738
980
297
447
1851
326
1599
1269
318
294
217
1008
644
419
262
238
1554
1330
789
235
373
1465
464
1741
356
549
790
278
302
2276
933
1138
410
698
807
323
483
318
1183
495
290
576
671
1544
737
1226
476
516
1280
719
4264
1359
2762
1227
1145
939
2645
789
1430
1130
890
482
217
1804
1634
576
416
1459
243
961
763
1774
757
439
1732
722
932
736
714
796
730
584
497
241
624
270
1028
2848
492
268
1061
149
651
801
313
1817
857
390
1438
851
1966
1148
1093
200
1946
230
269
327
982
488
811
440
1138
190
508
685
868
234
650
906
736
484
360
934
741
1417
389
674
476
924
345
892
297
342
772
592
1907
524
1007
871
3748
600
563
4454
428
827
1025
5883
1415
390
670
1439
395
845
366
1223
404
812
1442
1135
328
511
436
405
656
2271
433
1186
373
493
423
1139
418
2009
1169
196
300
539
1132
141
500
1448
681
1736
205
1723
1644
623
594
945
1612
386
231
1219
472
827
513
895
644
1771
1689
479
407
1114
1054
592
1351
391
352
435
763
831
313
564
1158
807
790
683
1105
753
1871
1554
247
422
1237
1090
559
1897
484
1071
767
1141
236
369
761
529
379
925
323
670
2639
282
512
2079
1551
809
775
973
866
1270
995
728
256
207
1322
627
1438
162
297
1471
2476
1200
1028
521
976
2605
364
1480
1948
1401
359
252
950
1617
254
1148
734
788
364
446
1713
258
1213
1071
1431
936
2208
756
1119
1474
1234
1749
1861
548
360
459
867
688
213
2528
530
687
997
906
308
270
2449
403
1143
1048
579
2545
739
289
602
540
329
202
1151
397
839
1287
271
218
1018
522
478
1272
643
766
908
1505
515
363
197
509
523
748
320
607
451
306
354
402
448
508
403
737
964
834
241
480
1030
2118
1119
923
2060
874
418
730
725
335
286
582
1466
1144
1340
228
1054
1348
1291
221
272
1428
1226
606
1087
621
506
427
227
1956
2488
125
293
963
2217
990
2049
768
570
641
1427
551
452
1201
804
871
413
283
339
876
624
1068
1248
979
491
526
642
491
1313
720
505
744
3327
687
936
540
1152
1799
648
2301
1985
977
710
860
822
405
1981
447
351
195
365
317
1216
1536
167
497
1836
880
1179
1124
531
301
366
1269
1032
277
373
967
1274
1846
934
1053
841
1120
244
2381
1374
667
1655
607
1828
521
504
368
396
1827
740
495
675
340
342
1242
463
513
2605
897
678
616
540
286
248
831
387
905
573
247
424
935
319
657
416
1898
952
243
355
2082
947
206
977
1147
1000
2071
958
1628
614
2763
1080
501
3432
633
864
577
595
572
470
341
651
537
417
283
688
994
1443
344
431
538
297
1591
1021
322
260
399
644
875
821
939
190
2008
1014
3352
469
2027
232
730
509
545
456
259
1130
349
1201
834
1896
670
460
1623
928
1030
3302
869
308
1991
2673
943
1781
669
453
358
1325
1949
233
312
720
2133
570
1916
824
4048
451
1382
928
196
1267
771
957
299
347
777
501
197
503
772
289
358
1368
1136
798
980
700
765
452
1339
473
915
290
1011
697
1298
1124
851
899
313
597
628
510
445
588
488
2278
213
1405
1422
998
1908
1004
1095
836
1144
510
1395
1603
210
309
614
447
612
3096
1354
1547
972
1428
1115
185
898
859
843
261
716
392
534
756
294
805
1070
1127
1143
720
435
1792
853
288
1546
512
780
1412
715
625
1026
386
525
463
984
119
193
1121
429
487
935
184
1024
1380
669
718
408
597
300
2806
805
833
1294
491
1497
643
802
585
1462
516
843
653
596
1337
570
158
1945
1153
1277
700
1044
2509
893
632
1383
534
996
650
687
586
938
1708
643
1947
494
678
1161
1630
381
354
280
774
608
409
1104
2085
459
765
707
1102
502
644
1106
204
710
1619
1072
451
1069
1631
713
706
529
2555
1196
1500
629
1292
2067
677
666
1661
1049
735
442
380
596
271
558
870
503
767
396
265
597
505
805
958
1051
730
2335
1390
1788
923
1144
513
648
547
3948
1117
636
867
896
675
999
763
610
913
1103
1493
598
1058
291
1431
1820
870
329
248
1689
338
406
860
949
2187
473
1586
569
157
319
789
867
952
583
1652
599
409
364
579
1316
369
317
389
291
3167
1249
223
1096
499
629
3722
787
628
784
339
