1694
540
445
1135
641
1169
576
751
1073
1102
967
479
714
175
508
264
812
267
641
414
210
1141
2069
491
693
756
706
370
260
358
196
492
381
1125
797
1416
534
484
1101
364
2324
1350
241
1030
907
1514
752
1396
1056
459
1142
217
170
433
327
2689
864
504
335
644
554
497
1764
1635
649
332
221
1206
1107
1168
277
586
1286
3197
1179
974
1107
2244
438
479
2130
1406
622
1215
483
767
634
1122
2659
2377
1111
531
1336
1168
1044
230
537
414
1185
288
345
1382
830
661
1225
432
2017
1121
3647
1275
561
415
383
1677
574
1390
700
311
475
413
356
1976
2114
338
1041
751
547
482
339
1090
1191
722
446
925
1324
324
631
334
1225
1957
684
523
201
631
688
693
1008
1264
2590
807
1747
880
1240
1430
675
638
372
249
858
456
305
126
751
1673
1666
918
2226
667
439
967
2090
786
408
1133
343
492
1043
508
899
469
957
937
905
1609
565
284
299
760
622
1349
290
898
1614
1199
1207
212
932
525
837
477
645
907
1264
1287
300
1628
2597
385
1806
1208
608
2854
911
876
832
440
957
283
1186
1910
1525
1462
669
732
1227
957
866
470
263
1327
896
453
466
362
1048
272
788
1528
818
259
558
1146
900
1375
621
307
491
446
758
1932
1232
829
904
301
635
1900
844
1016
1899
715
1454
2432
598
1979
617
332
998
1891
422
518
335
846
872
231
1745
390
901
1092
573
720
1150
590
580
418
1395
1178
1747
739
569
1049
923
873
475
1030
1112
673
510
500
287
484
620
497
426
784
347
1429
1329
482
257
306
1405
1126
818
493
871
1614
812
615
514
1456
373
1976
101
422
1801
1330
285
1487
646
527
2048
809
1142
425
856
430
516
755
763
408
684
761
723
1347
1781
522
449
502
477
1960
1118
414
580
523
603
1572
388
873
899
1182
1575
1048
486
1940
2954
1633
484
800
799
432
1554
643
1062
227
407
1165
1265
1068
430
513
439
1034
1228
1441
513
988
1656
1939
309
606
167
1211
1139
258
630
223
751
522
450
397
259
706
654
1161
1593
1022
409
682
248
2168
805
1082
638
593
249
756
194
715
212
597
445
418
738
1235
453
206
1153
295
894
839
374
236
465
571
640
705
372
335
411
405
752
1540
638
553
1894
935
550
1327
954
1118
627
1453
254
1060
1659
252
500
1158
619
742
1381
671
740
581
450
659
1230
1106
1101
453
241
625
879
779
1908
386
721
267
284
839
372
258
490
510
1178
1315
285
498
1197
2340
1116
1122
501
593
1437
325
2349
146
2183
2596
499
462
1654
151
311
670
585
338
3598
337
3292
275
446
945
1379
397
167
596
446
2561
590
417
1535
1011
479
453
530
900
525
761
478
217
624
933
1965
350
406
653
1183
1106
1197
1277
1075
479
793
603
404
1220
348
435
2826
1013
1747
442
1769
267
726
1549
498
649
732
335
1145
1074
298
2561
630
340
414
367
565
443
357
533
370
735
1271
1042
843
660
726
734
584
271
507
1322
481
385
390
348
1030
522
378
1433
566
309
611
1053
984
1055
938
556
462
339
1228
210
646
236
452
404
674
559
765
344
979
1295
1678
741
513
659
557
299
868
919
356
499
370
1094
740
962
566
375
843
1590
1931
934
1725
2008
988
1542
337
690
1139
383
272
2046
517
1427
696
400
1789
819
924
1884
685
736
232
1189
726
1034
440
1985
677
345
797
983
1420
571
339
1008
608
483
612
486
650
1681
221
1027
288
1506
690
374
108
560
1621
193
885
791
562
747
845
657
618
773
811
547
2309
229
855
512
470
1575
882
236
732
423
469
1577
195
340
1089
1288
1358
991
840
584
575
618
2018
1370
1387
1207
561
1247
731
387
566
469
908
339
502
465
581
985
1603
668
787
847
321
581
469
1119
1170
327
1303
1309
323
853
1253
1550
1073
645
1052
585
234
2559
441
484
356
589
980
966
570
1991
489
763
884
182
252
316
169
1309
1752
813
501
721
872
1151
217
1786
778
297
1167
358
2045
4031
582
361
1542
334
490
983
333
626
481
830
595
370
539
1084
1459
683
331
796
703
721
1726
2205
1582
363
475
422
661
891
984
343
672
1331
1799
1370
500
515
771
756
299
2695
1519
433
2185
1957
642
692
1456
528
475
423
433
528
1207
1246
855
821
426
615
242
415
809
2168
247
174
595
566
1227
1184
282
280
1005
514
592
302
353
331
526
451
2627
1444
878
521
427
824
1244
511
1137
3605
1046
1869
1734
716
684
2290
396
353
637
209
1466
565
574
261
706
1611
161
1014
583
263
1254
620
3693
229
1028
1256
979
361
278
404
586
1730
1034
776
1172
584
1995
1316
760
1670
773
1407
489
2026
653
158
807
1819
649
1356
762
1150
1408
422
1208
2384
483
1287
686
738
633
2290
867
1666
674
879
1127
499
780
408
240
490
1271
299
352
3239
565
1073
443
1200
2582
681
238
1749
452
797
1966
610
780
261
543
1447
1437
1446
1625
769
497
514
1124
1187
238
718
612
1469
2345
1642
229
1463
276
767
795
1300
632
516
269
184
1367
1031
261
1374
506
1073
340
1321
2894
1654
