18.8,41.2,45.286642622300896,0
19.2,41.4,45.63551248753541,1
19.2,41.8,45.99869563368074,2
19.4,42.2,46.44566718220334,3
19.8,42.2,46.614160938495935,4
20.2,42.4,46.96594510919588,5
20.2,42.8,47.327370516435835,6
20.4,43.2,47.77447016974652,7
20.8,43.2,47.94663700406943,8
21.2,43.4,48.30113870293329,9
21.2,43.8,48.660867234359884,10
21.4,44.2,49.10804414757322,11
21.8,44.2,49.28366869460917,12
22.2,44.4,49.64070910049533,13
22.2,44.8,49.99879998559965,14
22.4,45.2,50.44601074416093,15
22.8,45.2,50.62489506161963,16
23.2,45.4,50.98431131240275,17
23.2,45.8,51.34082196459266,18
23.4,46.2,51.78802950489621,19
23.8,46.2,51.96999134115764,20
24.2,46.4,52.3316347919688,21
24.2,46.8,52.68662069254395,22
24.4,47.2,53.13379338989453,23
24.8,47.2,53.318664649445225,24
25.2,47.4,53.68239935025259,25
25.2,47.8,54.035913983201944,26
25.4,48.2,54.48302487931448,27
25.8,48.2,54.67065026136053,28
26.2,48.4,55.036351623268054,29
29.2,51.8,59.46326597152228,42
29.4,52.2,59.909932398559754,43
29.8,52.2,60.10723750098652,44
30.2,52.4,60.479748676726494,45
30.2,52.8,60.82663890106044,46
30.4,53.2,61.27315888706898,47
30.8,53.2,61.472595520280414,48
31.2,53.4,61.84658438426491,49
31.2,53.8,62.19228247942022,50
31.4,54.2,62.6386462178103,51
31.8,54.2,62.84011457659828,52
32.2,54.4,63.21550442731593,53
32.2,54.8,63.5600503461097,54
32.4,55.2,64.00624969485402,55
32.8,55.2,64.20965659462757,56
33.2,55.4,64.58637627239973,57
33.2,55.8,64.92980825476077,58
33.4,56.2,65.37583651472461,59
33.8,56.2,65.58109483685065,60
34.2,56.4,65.95907822278902,61
34.2,56.8,66.3014328653612,62
34.4,57.2,66.74728458896287,63
34.8,57.2,66.95431278117938,64
35.2,57.4,67.33349834963278,65
35.2,57.8,67.6748106757603,66
35.4,58.2,68.12048150152786,67
35.8,58.2,68.32920312721347,68
36.2,58.4,68.70953354520753,69
36.2,58.8,69.04983707439142,70
36.4,59.2,69.4953235836772,71
36.8,59.2,69.70566691453429,72
37.2,59.4,70.08708868258118,73
37.2,59.8,70.42641549873171,74
37.4,60.2,70.87171509142416,75
37.8,60.2,71.08361273880219,76
38.2,60.4,71.46607586820477,77
38.2,60.8,71.80445668619741,78
38.4,61.2,72.24956747275377,79
38.8,61.2,72.46295605342084,80
39.2,61.4,72.84641377583388,81
39.2,61.8,73.18387800601988,82
39.4,62.2,73.62879871354686,83
39.8,62.2,73.8436185462224,84
40.2,62.4,74.22802705178145,85
40.2,62.8,74.56460286221606,86
40.4,63.2,75.00933275266485,87
40.8,63.2,75.22552758206486,88
41.2,63.4,75.61084578286372,89
41.2,63.8,75.94656015910135,90
41.4,64.2,76.39109895792834,91
41.8,64.2,76.60861570345728,92
42.2,64.4,76.9948050195596,93
42.2,64.8,77.32968382193218,94
42.4,65.2,77.77403165581684,95
42.8,65.2,77.9928201823732,96
43.2,65.4,78.37984434789342,97
43.2,65.8,78.7139123662393,98
43.4,66.2,79.1580697086532,99
43.8,66.2,79.3780826173069,100
44.2,66.4,79.76590750439689,101
44.2,66.8,80.09918851024646,102
44.4,67.2,80.5431561338392,103
44.8,67.2,80.76434857039337,104
45.2,67.4,81.15294202923269,105
45.2,67.8,81.48545882548615,106
45.4,68.2,81.92923776039906,107
45.8,68.2,82.15156724007157,108
46.2,68.4,82.54089895318563,109
46.2,68.8,82.87267342133956,110
46.4,69.2,83.316264918682,111
46.8,69.2,83.53969116533769,112
47.2,69.4,83.92973251476499,113
47.2,69.8,84.2607856597599,114
47.4,70.2,84.70419115958784,115
47.8,70.2,84.92867595812382,116
48.2,70.4,85.31939990412498,117
48.2,70.8,85.64975189689693,118
48.4,71.2,86.09297300012354,119
51.8,74.2,90.49243062267695,132
52.2,74.4,90.88564243047414,133
52.2,74.8,91.2133762120447,134
52.4,75.2,91.65587815301319,135
52.8,75.2,91.88514569831187,136
53.2,75.4,92.27892500457513,137
53.2,75.8,92.60604731873615,138
53.4,76.2,93.04837451562494,139
53.8,76.2,93.27850770675956,140
54.2,76.4,93.67283490959373,141
54.2,76.8,93.9993616999605,142
54.4,77.2,94.4415162944772,143
54.8,77.2,94.67248808392013,144
55.2,77.4,95.06734455111283,145
55.2,77.8,95.39329116871899,146
55.4,78.2,95.83527534264198,147
55.8,78.2,96.06705991129321,148
56.2,78.4,96.46242791885348,149
56.2,78.8,96.78780914970646,150
56.4,79.2,97.22962511498231,151
56.8,79.2,97.46219779996756,152
57.2,79.4,97.85806047536401,153
57.2,79.8,98.18289056653406,154
57.4,80.2,98.62454055659778,155
57.8,80.2,98.85787778422113,156
58.2,80.4,99.25421905390219,157
58.2,80.8,99.57851173822593,158
58.4,81.2,100.0199980003999,159
58.8,81.2,100.25407722382168,160
59.2,81.4,100.65088176464229,161
59.2,81.8,100.97465028411834,162
59.4,82.2,101.41597507296373,163
59.8,82.2,101.65077471421455,164
60.2,82.4,102.04802790843144,165
60.2,82.8,102.37128503638117,166
60.4,83.2,102.81245060789088,167
60.8,83.2,103.04795000386956,168
61.2,83.4,103.44563789740002,169
61.2,83.8,103.7683959594635,170
61.4,84.2,104.20940456599875,171
61.8,84.2,104.44558391813415,172
62.2,84.4,104.84369318180279,173
62.2,84.8,105.16596407583587,174
62.4,85.2,105.60681796172064,175
62.8,85.2,105.84365828900663,176
63.2,85.4,106.24217618253121,177
63.2,85.8,106.56397139746622,178
63.4,86.2,107.00467279516349,179
63.8,86.2,107.24215589030277,180
64.2,86.4,107.64107022879325,181
64.2,86.8,107.96240086252251,182
64.4,87.2,108.40295198932546,183
64.8,87.2,108.64106037774117,184
65.2,87.4,109.04035950050789,185
65.2,87.8,109.36123627684536,186
65.4,88.2,109.80163933202455,187
65.8,88.2,110.04035623352007,188
66.2,88.4,110.44002897500526,189
66.2,88.8,110.76046225977933,190
66.4,89.2,111.20071942213325,191
66.8,89.2,111.4400287149999,192
67.2,89.4,111.84006437766388,193
67.2,89.8,112.16006419399018,194
67.4,90.2,112.60017761975335,195
67.8,90.2,112.84006380714254,196
68.2,90.4,113.24045213615142,197
68.2,90.8,113.56002817893275,198
68.4,91.2,114.0,199
