1301
993
832
993
518
1479
343
455
456
1337
804
203
393
981
607
271
654
506
297
179
305
1581
1007
254
418
788
1525
973
2902
247
537
701
1319
878
339
1763
364
503
905
497
964
752
1236
303
270
756
168
240
1196
1388
1318
587
464
577
1032
800
517
2327
226
832
1271
1157
1029
500
756
799
351
1761
2351
999
205
574
513
884
627
728
2395
1157
429
375
260
366
760
904
311
1692
2714
588
459
880
708
252
1002
561
288
1090
376
342
231
896
439
1120
2012
432
1109
286
1219
862
548
691
983
371
464
460
828
1134
842
1472
481
658
560
945
1005
1080
1388
689
1074
656
976
425
373
569
1317
1107
981
639
680
503
771
1975
715
1305
941
779
905
186
712
892
1066
400
932
912
1833
658
914
1493
457
1931
834
405
641
687
690
1343
704
882
887
454
547
266
921
2251
1372
652
317
870
393
1746
505
251
203
335
475
282
1004
2243
2720
372
1505
853
522
1515
435
430
589
374
892
514
805
833
454
646
315
1916
384
396
447
458
215
544
2578
466
540
1035
1186
1635
1158
1296
1392
300
1264
387
445
1329
1177
710
3190
1167
519
2952
598
478
408
585
501
526
238
483
747
1066
986
860
1113
440
681
802
2553
937
517
1344
495
681
187
1168
282
1460
811
479
756
1257
986
436
282
267
2028
319
763
1511
1454
586
279
312
897
269
351
954
596
1778
615
1269
422
1492
259
1534
675
1833
523
1242
1127
778
583
376
541
162
974
608
515
1140
246
1137
909
733
786
494
745
1045
334
598
480
553
1377
2103
360
240
204
573
1886
693
1392
951
1546
431
358
2545
1073
670
589
3171
331
553
843
839
585
609
1275
358
255
834
429
377
397
232
545
1564
212
284
1862
516
741
709
612
760
376
275
882
1646
765
1180
250
693
960
1220
2450
1482
284
561
2193
1388
1293
544
2676
1169
443
651
816
1629
3103
340
603
310
1805
484
661
509
547
1175
820
1672
1116
1620
2106
278
744
742
2545
413
192
1615
309
590
272
388
955
382
944
467
807
846
959
534
1374
798
137
757
659
316
449
690
2155
586
200
374
753
385
739
837
747
527
302
1257
298
332
446
523
838
1139
1224
617
1230
441
528
630
560
279
383
371
403
233
1305
414
546
265
679
235
323
1507
385
1359
800
1284
1390
703
682
2367
401
1474
3170
285
1204
806
536
437
665
638
1358
738
346
459
1292
2469
920
948
1748
1070
650
347
394
458
930
706
625
294
360
446
1313
1596
1018
1271
302
836
342
910
384
598
1049
854
500
1082
1245
645
675
2353
1259
475
660
546
471
806
487
615
290
573
489
700
361
421
1544
371
158
460
1030
1937
557
1514
293
587
1219
958
1071
676
1073
727
831
226
1257
449
119
1700
457
414
1017
648
433
968
1195
364
588
1220
368
469
450
340
408
1233
661
418
2135
378
1320
996
2010
332
406
2040
378
595
218
676
215
1843
922
925
648
326
1242
495
495
442
294
310
498
301
819
268
558
474
494
424
785
847
410
1414
1296
396
1785
352
222
1569
1686
360
1379
2854
275
369
871
661
691
667
553
1284
698
719
1053
647
445
639
653
1304
649
610
536
449
1491
927
1164
1354
841
520
948
2066
546
1207
541
268
500
494
1251
583
867
1004
387
1301
499
1796
1099
387
1507
909
685
1138
409
1458
1052
305
442
574
350
443
153
645
515
594
1474
214
1457
446
345
710
396
1496
1213
1230
664
807
774
613
2012
317
893
140
1797
368
525
558
622
854
417
332
201
895
713
1311
1157
373
626
498
465
743
1090
410
1908
462
1191
1381
255
673
967
1568
367
630
216
565
466
2137
1174
828
769
1250
280
667
583
1847
1001
1237
1608
410
512
1050
390
1597
975
810
1030
1202
764
4020
469
697
1270
1399
1133
1129
316
875
658
325
425
424
435
661
193
920
1579
463
679
2395
293
295
826
707
721
216
1069
491
1445
561
1226
563
947
409
1302
3548
1918
828
564
642
1126
669
375
1431
991
2104
379
421
666
1350
334
763
779
1198
1691
613
1236
623
703
814
489
1183
598
741
1808
1121
1268
325
794
364
606
1490
2010
669
289
759
392
1271
238
1724
344
305
900
865
291
1484
300
348
1149
455
814
1061
294
1244
457
644
463
495
241
1331
394
297
375
591
1764
340
841
529
1191
1074
519
937
909
1598
557
1055
731
993
652
513
486
260
563
295
1178
603
1649
591
432
1348
1431
1219
520
390
2276
828
804
360
691
426
894
807
340
1158
198
969
1801
444
322
1224
1511
1013
723
1876
301
951
327
479
1040
391
1058
362
354
384
1787
659
1013
1402
536
1687
425
1678
604
1058
185
428
930
1404
363
630
531
1085
978
474
361
1038
890
491
851
406
1471
788
351
727
469
841
1344
733
535
923
2340
485
650
372
345
1567
889
580
325
1637
475
205
2272
415
2218
551
428
566
1671
283
451
414
917
434
1387
1332
548
494
312
1286
496
830
368
956
1374
1154
340
600
705
261
733
532
363
455
298
692
2475
688
1281
480
886
443
647
760
