1008,91.0
276,91.0
887,72.0
1506,95.0
1236,79.0
3012,100.0
580,78.0
2304,90.0
410,101.0
178,83.0
665,74.0
1222,59.0
670,67.0
333,84.0
657,57.0
1303,87.0
987,74.0
285,88.0
424,94.0
286,91.0
430,74.0
453,101.0
790,62.0
171,87.0
395,81.0
238,87.0
773,92.0
446,87.0
2045,56.0
904,77.0
323,109.0
343,82.0
1110,117.0
851,66.0
979,77.0
1055,78.0
473,70.0
827,77.0
489,94.0
277,69.0
1332,79.0
483,83.0
325,65.0
718,70.0
1392,62.0
876,132.0
1089,74.0
1508,130.0
1088,60.0
770,69.0
1568,84.0
1311,67.0
757,104.0
2296,105.0
380,65.0
908,82.0
557,74.0
1034,76.0
892,57.0
528,69.0
896,65.0
114,86.0
1687,80.0
907,48.0
2010,40.0
1158,90.0
685,95.0
343,87.0
264,45.0
230,75.0
764,72.0
976,80.0
498,79.0
1398,67.0
354,120.0
660,77.0
354,102.0
938,56.0
606,68.0
269,109.0
453,70.0
1050,81.0
634,82.0
680,57.0
961,51.0
651,69.0
2800,112.0
233,56.0
669,57.0
650,78.0
1029,65.0
738,89.0
1788,63.0
754,73.0
1426,52.0
388,54.0
516,61.0
636,93.0
1127,59.0
1387,49.0
730,80.0
1333,63.0
822,77.0
399,67.0
795,70.0
243,91.0
279,115.0
331,45.0
1250,105.0
315,87.0
602,84.0
1440,55.0
315,77.0
803,90.0
231,59.0
1187,87.0
763,104.0
732,62.0
292,68.0
803,119.0
710,78.0
478,66.0
601,65.0
2719,87.0
524,67.0
575,62.0
1248,77.0
1445,35.0
377,69.0
1533,85.0
660,58.0
641,96.0
680,66.0
1076,71.0
543,88.0
1046,52.0
1055,68.0
698,68.0
401,68.0
245,63.0
1420,54.0
273,79.0
701,71.0
276,96.0
3028,97.0
1128,73.0
537,67.0
580,81.0
331,80.0
679,80.0
254,70.0
535,56.0
1851,82.0
242,73.0
368,77.0
580,80.0
480,63.0
901,65.0
127,124.0
479,71.0
454,91.0
158,67.0
628,99.0
988,92.0
618,93.0
766,60.0
324,68.0
378,75.0
1056,78.0
516,61.0
646,72.0
1180,66.0
504,97.0
680,112.0
268,85.0
709,84.0
541,65.0
309,83.0
787,97.0
436,78.0
330,88.0
539,80.0
169,56.0
706,50.0
3047,109.0
428,86.0
747,70.0
315,57.0
2225,95.0
1469,93.0
483,74.0
233,63.0
1922,62.0
1044,60.0
670,105.0
695,72.0
503,101.0
259,90.0
944,78.0
883,59.0
666,71.0
302,92.0
1291,74.0
667,38.0
303,66.0
299,92.0
574,75.0
898,68.0
306,63.0
486,90.0
157,69.0
1058,52.0
918,76.0
1427,61.0
1916,38.0
218,68.0
986,70.0
595,99.0
421,112.0
489,88.0
472,103.0
564,74.0
401,76.0
252,65.0
753,44.0
879,79.0
767,60.0
961,84.0
1261,73.0
199,86.0
1087,79.0
1052,86.0
626,64.0
1284,75.0
300,64.0
855,85.0
1508,73.0
379,68.0
373,72.0
685,85.0
392,89.0
742,53.0
600,55.0
594,60.0
795,75.0
362,78.0
1381,72.0
1198,78.0
1224,106.0
359,73.0
438,105.0
707,74.0
502,47.0
1321,63.0
384,74.0
1482,95.0
224,70.0
506,60.0
1495,56.0
1091,75.0
360,72.0
279,91.0
420,60.0
975,68.0
902,84.0
131,65.0
377,82.0
148,78.0
1090,90.0
1310,86.0
2141,111.0
625,75.0
597,110.0
1811,92.0
561,48.0
794,78.0
1251,96.0
322,91.0
630,73.0
321,82.0
313,62.0
345,102.0
677,95.0
659,56.0
225,89.0
324,78.0
666,118.0
990,60.0
1350,77.0
763,65.0
703,81.0
2631,91.0
1051,87.0
845,83.0
1114,62.0
648,78.0
1191,72.0
210,85.0
728,63.0
373,67.0
524,76.0
171,91.0
808,114.0
610,71.0
935,55.0
368,92.0
462,83.0
1942,69.0
451,99.0
624,89.0
524,82.0
1249,72.0
3052,79.0
329,67.0
456,79.0
567,105.0
1672,80.0
304,94.0
201,87.0
1140,56.0
435,77.0
503,80.0
519,74.0
1080,91.0
659,74.0
362,112.0
625,88.0
880,68.0
515,60.0
439,61.0
1220,68.0
284,115.0
376,70.0
787,84.0
901,82.0
784,117.0
997,49.0
232,118.0
741,75.0
1794,64.0
1017,85.0
114,98.0
426,60.0
522,71.0
678,108.0
453,102.0
469,56.0
986,73.0
1477,70.0
426,76.0
238,115.0
1322,62.0
2900,74.0
845,110.0
524,101.0
507,59.0
2844,82.0
631,77.0
601,64.0
260,99.0
398,80.0
1221,81.0
254,69.0
873,89.0
400,73.0
381,89.0
1166,100.0
1985,68.0
404,83.0
877,100.0
530,99.0
241,80.0
247,115.0
1455,61.0
624,84.0
2697,87.0
812,71.0
1019,76.0
486,81.0
405,77.0
464,84.0
1383,119.0
1957,97.0
528,91.0
1514,85.0
518,88.0
369,91.0
925,81.0
680,90.0
1326,75.0
471,83.0
373,57.0
546,83.0
3237,75.0
577,60.0
1060,80.0
283,75.0
694,59.0
373,81.0
351,65.0
1371,49.0
390,79.0
1744,49.0
586,86.0
570,93.0
1614,81.0
243,87.0
800,58.0
1708,67.0
428,81.0
234,59.0
395,75.0
269,72.0
1670,41.0
1268,67.0
320,62.0
2020,63.0
272,67.0
229,71.0
311,73.0
190,80.0
233,69.0
798,81.0
775,68.0
1214,61.0
239,118.0
1220,82.0
522,57.0
413,83.0
504,91.0
360,109.0
1023,85.0
2383,101.0
658,59.0
295,61.0
408,94.0
509,40.0
851,101.0
1087,119.0
1101,67.0
1417,61.0
315,70.0
2166,115.0
570,51.0
338,78.0
842,69.0
1045,50.0
499,72.0
1548,85.0
1228,90.0
419,84.0
876,82.0
1082,86.0
814,93.0
2242,82.0
1952,73.0
357,78.0
349,72.0
527,82.0
712,70.0
325,73.0
351,49.0
559,85.0
278,89.0
816,86.0
146,98.0
1600,89.0
676,95.0
638,67.0
1558,75.0
1572,72.0
1631,68.0
400,47.0
558,83.0
266,86.0
1361,68.0
635,66.0
523,58.0
563,78.0
1168,78.0
357,75.0
573,56.0
330,71.0
615,73.0
1920,97.0
1053,110.0
161,91.0
302,79.0
220,70.0
1376,60.0
1110,63.0
295,66.0
601,74.0
452,96.0
933,73.0
1525,81.0
797,65.0
348,109.0
1226,68.0
721,53.0
801,69.0
329,78.0
271,95.0
959,113.0
531,92.0
580,57.0
335,74.0
157,107.0
1274,77.0
244,50.0
1218,108.0
479,66.0
922,66.0
496,100.0
274,81.0
941,85.0
1777,82.0
464,80.0
843,81.0
1547,95.0
654,96.0
192,93.0
499,67.0
890,101.0
523,56.0
361,63.0
1116,85.0
1164,60.0
411,85.0
210,68.0
397,74.0
290,83.0
260,91.0
1045,63.0
237,41.0
262,90.0
639,44.0
676,95.0
1028,101.0
437,50.0
706,60.0
570,101.0
1317,75.0
1245,88.0
1819,44.0
1546,84.0
592,85.0
731,84.0
743,56.0
553,77.0
1068,88.0
525,70.0
802,70.0
252,52.0
936,109.0
395,64.0
415,55.0
321,106.0
1207,75.0
370,74.0
375,63.0
591,49.0
706,81.0
1036,82.0
1387,60.0
378,102.0
1065,112.0
779,76.0
581,79.0
1070,60.0
1130,64.0
1778,121.0
586,70.0
1003,74.0
149,67.0
335,94.0
1386,77.0
849,55.0
559,91.0
900,85.0
499,85.0
291,95.0
1160,71.0
245,85.0
582,48.0
527,61.0
644,105.0
1089,84.0
476,79.0
427,84.0
685,78.0
1478,48.0
850,42.0
519,60.0
578,90.0
311,87.0
1875,71.0
1679,70.0
365,74.0
202,135.0
645,56.0
969,86.0
851,86.0
768,98.0
1009,92.0
3521,73.0
346,75.0
967,83.0
993,83.0
2082,61.0
1642,87.0
1118,48.0
371,95.0
397,58.0
847,43.0
384,75.0
1299,62.0
323,95.0
259,74.0
607,58.0
880,111.0
436,73.0
1116,73.0
269,70.0
282,114.0
790,91.0
242,94.0
542,41.0
256,111.0
344,65.0
1209,93.0
685,83.0
498,95.0
3009,68.0
421,37.0
730,132.0
482,106.0
670,67.0
237,94.0
1805,84.0
552,86.0
372,92.0
2637,78.0
217,53.0
604,88.0
506,49.0
1344,63.0
1210,80.0
781,71.0
319,72.0
445,66.0
240,119.0
209,72.0
620,92.0
548,65.0
399,42.0
1466,62.0
314,75.0
899,73.0
422,69.0
523,116.0
847,108.0
1898,84.0
499,91.0
556,89.0
3878,81.0
734,77.0
189,104.0
846,68.0
1590,84.0
462,78.0
404,72.0
1044,67.0
469,79.0
1671,88.0
374,60.0
1001,82.0
299,69.0
1798,67.0
2267,78.0
466,82.0
393,73.0
442,89.0
1769,62.0
1519,65.0
209,74.0
1248,104.0
613,97.0
2435,83.0
452,80.0
3015,92.0
919,73.0
308,39.0
326,81.0
245,65.0
292,75.0
514,89.0
675,78.0
812,80.0
2106,53.0
2425,67.0
954,60.0
221,49.0
397,86.0
985,38.0
423,77.0
232,56.0
578,125.0
390,81.0
2316,72.0
1136,77.0
338,104.0
463,74.0
206,74.0
1555,90.0
731,73.0
456,75.0
478,64.0
2138,59.0
298,105.0
1598,82.0
1422,97.0
896,71.0
184,114.0
945,95.0
344,50.0
319,98.0
1283,65.0
1238,82.0
441,89.0
268,49.0
819,99.0
1445,60.0
712,42.0
704,79.0
226,80.0
326,73.0
1588,86.0
727,71.0
1084,90.0
252,120.0
564,79.0
182,97.0
1854,73.0
300,108.0
744,39.0
1314,72.0
307,62.0
434,77.0
632,93.0
408,83.0
1266,63.0
238,74.0
477,93.0
3302,113.0
1650,85.0
1938,106.0
792,95.0
325,49.0
383,53.0
393,46.0
1900,92.0
340,73.0
1131,63.0
270,119.0
660,76.0
440,47.0
540,81.0
259,74.0
678,58.0
549,68.0
397,111.0
357,128.0
474,86.0
772,68.0
1421,83.0
216,79.0
914,90.0
498,52.0
787,76.0
535,59.0
748,55.0
841,71.0
799,92.0
274,70.0
153,55.0
1653,58.0
375,66.0
453,84.0
728,66.0
1008,68.0
1434,61.0
1002,88.0
1385,83.0
578,61.0
1115,77.0
1082,67.0
547,85.0
1283,72.0
1293,60.0
1131,79.0
689,87.0
880,78.0
565,115.0
2485,88.0
1618,43.0
362,88.0
573,82.0
1034,37.0
1235,86.0
1749,90.0
266,59.0
826,54.0
261,47.0
653,79.0
2727,69.0
908,110.0
1060,57.0
1078,41.0
169,87.0
287,74.0
315,78.0
652,91.0
2393,71.0
485,98.0
160,86.0
2519,70.0
337,78.0
576,118.0
931,81.0
959,53.0
1034,101.0
1031,72.0
730,106.0
1046,51.0
893,94.0
278,83.0
675,67.0
1357,80.0
785,53.0
513,59.0
401,84.0
458,50.0
380,91.0
1848,102.0
700,77.0
266,91.0
325,85.0
327,89.0
729,106.0
688,93.0
2391,57.0
491,70.0
438,103.0
449,60.0
320,64.0
1372,115.0
794,70.0
1167,92.0
1293,83.0
674,93.0
1834,72.0
907,76.0
1909,66.0
1204,47.0
438,91.0
458,41.0
737,64.0
259,72.0
1434,72.0
489,45.0
199,62.0
755,55.0
333,93.0
931,42.0
976,70.0
868,69.0
3471,86.0
588,91.0
649,62.0
1146,36.0
233,86.0
361,83.0
463,85.0
513,104.0
406,56.0
463,118.0
1811,66.0
1255,44.0
496,110.0
1007,44.0
427,103.0
1369,59.0
271,64.0
682,64.0
349,93.0
701,68.0
557,81.0
333,76.0
914,90.0
741,118.0
1204,52.0
1205,62.0
564,83.0
487,69.0
801,89.0
385,95.0
612,86.0
345,48.0
424,77.0
691,67.0
353,91.0
331,106.0
976,102.0
644,61.0
1361,115.0
612,38.0
416,102.0
233,81.0
826,64.0
1226,57.0
1144,97.0
1267,62.0
635,71.0
381,47.0
762,63.0
831,70.0
287,57.0
447,65.0
2902,42.0
1157,85.0
955,73.0
717,72.0
759,51.0
1013,74.0
551,87.0
276,67.0
248,79.0
378,83.0
297,83.0
1218,71.0
2428,77.0
1093,61.0
723,83.0
403,86.0
700,114.0
1281,76.0
1124,81.0
2813,67.0
807,75.0
251,98.0
775,109.0
489,108.0
380,133.0
778,66.0
772,79.0
1977,84.0
709,78.0
894,89.0
887,88.0
403,94.0
1079,71.0
1527,79.0
983,79.0
443,64.0
332,71.0
669,102.0
445,72.0
450,59.0
1346,49.0
625,84.0
1328,60.0
430,48.0
382,81.0
443,62.0
346,94.0
901,72.0
383,88.0
579,112.0
2772,42.0
895,89.0
816,105.0
640,98.0
867,74.0
504,82.0
671,90.0
496,73.0
854,102.0
799,78.0
1177,47.0
1220,82.0
442,71.0
2471,69.0
709,84.0
1176,81.0
246,73.0
656,81.0
357,72.0
2030,80.0
246,63.0
