1426
487
384
612
589
857
1187
397
500
1134
1281
313
373
546
1032
1013
1660
780
1672
1352
4187
1433
806
532
220
1147
635
414
605
125
1277
509
228
684
456
650
682
1290
1819
476
124
1433
633
661
1634
1206
476
2147
396
2207
1603
1385
706
334
295
1081
606
173
371
1994
1048
588
2107
287
1826
481
758
959
590
861
384
408
645
1578
700
412
452
333
319
270
517
562
961
460
996
705
875
335
3195
405
184
305
470
1741
544
315
388
710
229
634
1412
385
1127
497
378
759
853
972
299
1513
619
757
366
749
3731
592
901
1830
2945
1968
1514
655
1059
825
1019
514
291
1350
480
1716
1197
451
768
427
275
538
769
170
1135
941
754
2470
1283
761
264
314
439
1702
427
1087
696
292
1898
897
556
481
1958
2096
1530
410
525
978
809
865
1492
823
1863
313
1761
599
800
460
807
1629
1867
1745
429
1058
920
294
202
2141
740
1705
1266
278
273
2248
1666
748
578
392
654
1255
656
907
1038
1193
818
1054
1141
442
319
482
427
348
693
289
1568
876
464
798
1512
490
489
323
397
1013
1392
266
1277
523
568
235
967
527
385
1629
1189
361
498
475
1043
688
581
971
547
1153
490
523
462
270
298
375
587
585
1463
1804
336
222
1239
429
717
1376
1264
766
2087
590
1544
2306
308
450
409
1696
347
755
1021
918
950
329
1641
965
505
620
2298
467
578
1923
951
1158
1356
838
481
450
724
467
1338
517
1024
323
2517
1082
671
269
745
524
1505
2747
1314
815
842
1407
1830
244
669
596
454
1160
286
1181
2184
893
220
1086
1393
490
1491
2362
450
766
881
577
343
589
230
491
675
155
420
1052
671
461
378
685
742
1269
1078
811
214
798
318
648
995
545
2093
647
796
6519
789
1424
1849
212
1017
516
273
1065
351
922
164
155
1078
970
649
247
673
707
171
2629
620
784
395
248
611
409
627
614
1788
680
281
512
727
1942
706
219
2411
404
396
525
672
306
434
2841
400
587
417
148
636
2508
1592
1878
1290
631
1255
504
580
288
1612
1878
1224
622
1083
513
328
991
597
1211
213
428
916
1315
513
863
1747
1607
818
585
451
1927
883
960
283
551
620
970
778
1280
690
2670
192
1185
1182
201
506
927
1608
1170
1698
396
582
187
1250
264
1268
787
455
521
1449
678
384
278
838
583
1741
2813
939
2049
479
287
723
225
1835
481
387
373
437
609
550
491
1043
771
634
912
2407
2824
899
578
1114
239
1631
324
500
1210
597
657
378
1385
1469
344
1524
1191
697
636
310
445
253
827
769
1126
575
1395
824
621
649
2770
620
431
1502
648
447
1305
192
1002
2341
739
989
1849
282
993
416
1177
1710
563
1776
342
964
192
745
777
814
424
722
370
710
505
1630
1841
1203
5175
812
461
556
377
1027
970
643
645
589
911
1012
1677
1078
757
335
580
1031
1535
519
2571
432
2282
568
706
378
519
1101
609
630
1415
994
1041
923
740
1039
929
538
959
1379
860
575
409
349
661
364
2862
460
828
284
545
359
1350
1218
308
307
1193
261
586
1315
1282
1000
906
330
403
1362
554
176
1337
1749
521
955
290
557
648
1859
227
867
650
376
790
350
877
816
982
575
315
782
323
467
1046
1664
1045
2098
539
235
995
374
1541
2931
586
412
1623
298
557
157
320
293
324
284
624
1019
414
353
1186
328
1294
333
231
1282
267
616
248
1411
840
2181
782
212
955
1918
902
437
475
262
765
443
457
197
372
1575
895
446
357
665
995
442
305
1015
861
789
808
760
287
167
3628
394
1980
502
667
1060
510
1153
323
910
881
583
1259
689
368
609
2326
368
863
1106
1144
841
971
436
846
1385
399
354
643
1362
1414
595
393
2654
1382
692
177
536
795
284
1140
657
347
422
938
2351
772
1443
324
494
1341
225
555
2239
997
494
2612
1668
733
645
528
251
382
391
1031
930
1401
556
543
538
1054
1764
1070
406
452
929
481
898
2831
415
299
361
1180
3473
519
2266
731
332
538
456
1302
323
2085
482
1059
157
547
634
1774
328
211
2426
1131
546
1192
897
2255
2601
1636
404
436
447
920
412
2987
1216
750
754
307
1070
699
249
807
206
1544
1220
578
696
734
1449
1706
412
665
174
993
446
815
573
548
424
281
1769
183
1143
724
515
1113
902
366
473
1637
258
611
633
1810
515
1403
988
202
509
809
745
573
590
603
355
931
2227
211
1351
588
708
660
1862
1500
778
857
736
636
353
516
1701
715
362
238
1400
1005
639
989
211
689
784
1127
334
461
579
1176
412
641
304
451
336
388
564
927
1085
775
1239
1096
642
1783
1681
495
816
730
314
733
434
1179
305
1244
1266
890
971
351
655
1544
427
936
268
406
1004
742
328
1991
1324
1169
516
790
1346
465
2762
278
334
986
1100
631
466
354
272
2156
378
189
453
594
271
1064
1116
1061
1150
437
518
437
486
487
316
1417
2575
1108
1111
854
342
179
2140
262
424
830
641
2013
1638
408
494
927
1349
881
560
1750
624
1193
817
2363
492
343
686
332
682
1161
848
867
