897
685
400
861
527
1802
965
351
464
334
688
1791
1080
111
608
381
628
155
421
595
927
338
604
3020
494
984
431
373
843
346
964
435
330
328
352
630
617
289
1046
625
657
327
2039
193
290
230
399
565
627
895
511
280
627
463
816
756
575
2066
634
432
906
1735
1918
451
278
656
627
336
414
570
281
677
534
301
655
300
659
2336
898
1330
357
528
1436
861
984
620
1464
445
607
355
937
459
411
638
1067
660
1323
850
372
1691
392
382
1236
1138
3982
930
1294
2283
587
1671
454
1501
680
572
2509
1568
291
307
189
400
1095
486
630
376
321
399
461
236
173
822
876
1455
1180
616
563
1740
494
391
736
328
506
1569
437
934
721
404
1374
923
915
820
514
1082
481
1802
597
797
687
501
316
675
494
575
302
423
359
359
582
711
486
206
4069
886
1677
1066
446
850
1261
190
940
543
450
1568
278
1786
535
646
1282
462
319
561
1403
468
1836
1855
372
658
630
1472
277
604
487
387
2224
290
1940
1220
311
344
411
1527
234
230
396
1823
642
521
1499
663
946
1316
235
1096
481
586
1568
851
314
440
651
1036
1088
1455
1342
762
539
1865
619
474
377
369
1311
122
447
653
731
543
1278
374
361
548
1218
1651
1430
1103
687
1071
1324
460
1338
1629
903
2174
1215
385
1115
520
652
2446
1300
847
1281
1300
330
417
1001
2205
1756
224
198
1254
559
548
886
639
505
394
1060
1472
709
645
725
552
212
480
866
850
657
429
357
314
371
743
336
266
400
1055
777
981
731
500
347
1520
1248
1329
578
933
855
1589
634
243
558
639
1118
1718
946
476
1563
204
284
1076
726
290
557
1739
468
1134
495
669
489
368
312
826
277
279
734
1237
1256
364
1414
2190
1958
365
835
203
298
648
1256
374
121
586
492
393
194
1050
434
306
620
2417
2773
677
511
1284
441
1156
425
711
360
1688
774
1183
586
481
1255
1965
794
414
898
1212
859
349
334
510
288
1449
456
638
1113
486
695
860
557
538
219
732
1036
314
346
410
1437
865
409
1185
1090
493
363
290
233
474
1373
1334
325
1685
1556
511
359
866
638
434
1320
841
191
397
1501
1046
796
1666
627
211
479
437
535
452
467
1494
386
1478
1182
744
4586
374
393
623
456
1438
666
1523
351
315
914
486
418
560
617
192
596
1172
1466
948
734
1026
1630
641
202
1208
526
795
596
960
1643
721
317
266
1295
342
721
717
591
375
246
986
1183
329
284
1164
650
1747
790
632
684
742
299
378
1513
996
255
931
892
1400
2076
776
1212
194
2023
597
230
426
141
1148
557
651
2068
1283
1495
583
424
1814
282
1491
1900
1921
800
403
635
505
753
727
665
218
1228
1204
429
410
358
773
1358
305
384
1677
529
537
666
454
253
255
1176
662
1489
2908
1537
1092
417
371
498
697
1379
465
1185
1427
169
369
144
699
510
1205
936
222
343
902
643
669
608
361
342
255
797
133
213
711
1798
664
1841
472
578
492
264
475
682
447
1041
1097
644
237
690
224
378
586
750
1154
1212
904
370
299
1432
791
782
158
917
848
370
1534
1105
1059
200
313
250
248
1078
1257
333
992
771
1402
524
1236
922
1140
370
3119
640
1072
1183
1483
1114
2811
895
610
211
192
386
613
548
414
2165
654
544
1104
1261
884
784
665
232
682
355
923
527
1913
599
504
1558
258
1441
1363
542
754
555
864
1449
2287
681
344
736
395
768
618
1341
485
1206
612
337
588
349
633
714
498
564
1590
939
1102
933
925
2547
322
1367
707
951
597
1846
2046
328
526
417
516
1179
238
325
567
611
1054
455
2449
710
998
351
2380
1611
213
149
2298
814
692
215
342
1098
547
769
225
464
654
1575
1277
345
357
527
851
512
858
2935
1157
317
1679
255
1635
1158
710
830
586
374
651
115
1693
2372
268
1130
1034
925
1011
2078
1175
389
426
1056
1057
1237
426
439
424
614
411
587
618
498
764
774
996
651
466
1347
1267
439
609
1845
292
418
540
251
1313
1359
574
447
317
230
257
223
592
546
515
1073
2406
798
538
1195
1440
1521
493
1059
371
698
534
827
616
387
306
484
2024
498
1356
1253
488
899
640
656
444
321
347
1459
1338
983
1871
1869
1149
497
301
693
2185
736
333
880
1131
394
605
886
1540
332
608
1033
175
1614
834
264
547
866
541
613
273
397
1090
339
374
511
415
345
575
488
597
274
711
690
131
578
752
492
1206
634
718
730
2875
1152
512
467
911
1212
1821
907
1970
446
523
1375
779
421
394
190
810
922
1674
574
458
556
1048
2066
553
857
1841
666
307
326
782
362
193
432
1948
309
547
1189
860
1239
1144
833
575
613
1450
684
692
416
295
301
3775
533
1718
665
839
1880
573
564
249
407
673
611
617
748
1183
464
1715
938
815
351
2277
681
2536
193
179
594
453
1185
719
1380
644
504
1041
510
443
936
1245
391
994
1431
292
854
627
2118
662
338
498
219
299
284
2417
213
1080
214
376
611
403
459
656
655
1944
846
642
735
743
